Delta,Time,CORE0_ENERGY (J),CORE0_FREQ (MHZ),CORE0_PSTATE,CORE0_VOLT (V),CORE1_ENERGY (J),CORE1_FREQ (MHZ),CORE1_PSTATE,CORE1_VOLT (V),CORE2_ENERGY (J),CORE2_FREQ (MHZ),CORE2_PSTATE,CORE2_VOLT (V),CORE3_ENERGY (J),CORE3_FREQ (MHZ),CORE3_PSTATE,CORE3_VOLT (V),CORE4_ENERGY (J),CORE4_FREQ (MHZ),CORE4_PSTATE,CORE4_VOLT (V),CORE5_ENERGY (J),CORE5_FREQ (MHZ),CORE5_PSTATE,CORE5_VOLT (V),CORE6_ENERGY (J),CORE6_FREQ (MHZ),CORE6_PSTATE,CORE6_VOLT (V),CORE7_ENERGY (J),CORE7_FREQ (MHZ),CORE7_PSTATE,CORE7_VOLT (V),CPU_ENERGY (J),CPU_FREQUENCY_0,CPU_FREQUENCY_1,CPU_FREQUENCY_10,CPU_FREQUENCY_11,CPU_FREQUENCY_12,CPU_FREQUENCY_13,CPU_FREQUENCY_14,CPU_FREQUENCY_15,CPU_FREQUENCY_2,CPU_FREQUENCY_3,CPU_FREQUENCY_4,CPU_FREQUENCY_5,CPU_FREQUENCY_6,CPU_FREQUENCY_7,CPU_FREQUENCY_8,CPU_FREQUENCY_9,CPU_USAGE_0,CPU_USAGE_1,CPU_USAGE_10,CPU_USAGE_11,CPU_USAGE_12,CPU_USAGE_13,CPU_USAGE_14,CPU_USAGE_15,CPU_USAGE_2,CPU_USAGE_3,CPU_USAGE_4,CPU_USAGE_5,CPU_USAGE_6,CPU_USAGE_7,CPU_USAGE_8,CPU_USAGE_9,TOTAL_MEMORY,TOTAL_SWAP,USED_MEMORY,USED_SWAP
0,1771652428372,10737.897445678711,2900,1,0.8875,10737.897445678711,2900,1,0.8875,10091.191650390625,2900,1,0.8875,10091.19206237793,2900,1,0.8875,9794.901611328125,2900,1,0.8875,9794.901611328125,2900,1,0.8875,9836.417053222656,2900,1,0.8875,9836.417053222656,2900,1,0.8875,25007.294158935547,2894,2893,2894,1113,2893,1113,2894,1113,2894,2894,2894,2894,2894,2894,1113,1113,4.651162624359131,4.545454502105713,2.3809523582458496,2.3255813121795654,4.651162624359131,2.3255813121795654,2.3809523582458496,2.3809523582458496,2.3255813121795654,2.3255813121795654,4.651162624359131,2.3255813121795654,11.627907752990723,4.545454502105713,0,4.545454502105713,33039077376,8999923712,5138563072,0
199,1771652428373,10737.898483276367,2900,1,0.8875,10737.898483276367,2900,1,0.8875,10091.192138671875,2900,1,0.8875,10091.192184448242,2900,1,0.8875,9794.901626586914,2900,1,0.8875,9794.901626586914,2900,1,0.8875,9836.419738769531,2900,1,0.8875,9836.419738769531,2900,1,0.8875,25007.311569213867,2894,2893,2894,1113,2893,1113,2894,1113,2894,2894,2894,2894,2894,2894,1113,1113,4.651162624359131,4.545454502105713,2.3809523582458496,2.3255813121795654,4.651162624359131,2.3255813121795654,2.3809523582458496,2.3809523582458496,2.3255813121795654,2.3255813121795654,4.651162624359131,2.3255813121795654,11.627907752990723,4.545454502105713,0,4.545454502105713,33039077376,8999923712,5138563072,0
181,1771652428591,10737.983520507813,2900,1,0.8875,10737.983612060547,2900,1,0.8875,10091.20053100586,2900,1,0.8875,10091.20053100586,2900,1,0.8875,9794.926483154297,2900,1,0.8875,9794.926483154297,2900,1,0.8875,9836.670532226563,2900,1,0.8875,9836.670532226563,2900,1,0.8875,25009.495635986328,2894,2893,2894,1113,2893,1113,2894,1113,2894,2894,2894,2894,2894,2894,1113,1113,21.7391300201416,0,9.090909004211426,0,4.34782600402832,0,0,45.45454788208008,4.545454502105713,0,0,0,60.869564056396484,13.636363983154297,47.826087951660156,0,33039077376,8999923712,5404147712,0
199,1771652428773,10738.08088684082,2900,1,0.8875,10738.08088684082,2900,1,0.8875,10091.24462890625,2900,1,0.8875,10091.24462890625,2900,1,0.8875,9795.174255371094,2900,1,0.8875,9795.174255371094,2900,1,0.8875,9836.978256225586,2900,1,0.8875,9836.978256225586,2900,1,0.8875,25012.04621887207,2894,2893,2894,1113,2893,1113,2894,1113,2894,2894,2894,2894,2894,2894,1113,1113,21.7391300201416,0,9.090909004211426,0,4.34782600402832,0,0,45.45454788208008,4.545454502105713,0,0,0,60.869564056396484,13.636363983154297,47.826087951660156,0,33039077376,8999923712,5672714240,0
199,1771652428973,10738.32063293457,2900,1,0.8875,10738.32063293457,2900,1,0.8875,10091.582244873047,2900,1,0.8875,10091.582244873047,2900,1,0.8875,9795.42465209961,2900,1,0.8875,9795.42465209961,2900,1,0.8875,9837.32014465332,2900,1,0.8875,9837.322357177734,2900,1,0.8875,25015.47540283203,2894,2893,2894,1113,2893,1113,2894,1113,2894,2894,2894,2894,2894,2894,1113,1113,51.351348876953125,13.88888931274414,60.000003814697266,50,73.68421173095703,5.263157844543457,0,100,55.26315689086914,28.947368621826172,100,13.1578950881958,55.26315689086914,78.94737243652344,47.36842346191406,10.526315689086914,33039077376,8999923712,5920321536,0
199,1771652429173,10738.652740478516,2900,1,0.8875,10738.652740478516,2900,1,0.8875,10091.887023925781,2900,1,0.8875,10091.887023925781,2900,1,0.8875,9795.752334594727,2900,1,0.8875,9795.752334594727,2900,1,0.8875,9837.66130065918,2900,1,0.8875,9837.66130065918,2900,1,0.8875,25019.231994628906,2894,2893,2894,1113,2893,1113,2894,1113,2894,2894,2894,2894,2894,2894,1113,1113,57.894737243652344,55,60.000003814697266,35,100,75,35,100,60.000003814697266,100,100,70,100,75,100,35,33039077376,8999923712,6176141312,0
199,1771652429373,10738.937713623047,2900,1,0.8875,10738.937713623047,2900,1,0.8875,10092.197677612305,2900,1,0.8875,10092.197677612305,2900,1,0.8875,9796.026596069336,2900,1,0.8875,9796.026596069336,2900,1,0.8875,9837.95980834961,2900,1,0.8875,9837.95980834961,2900,1,0.8875,25022.869079589844,2894,2893,2894,1113,2893,1113,2894,1113,2894,2894,2894,2894,2894,2894,1113,1113,50,50,45,40,100,100,100,100,57.894737243652344,100,100,50,100,55,100,30.000001907348633,33039077376,8999923712,6241120256,0
199,1771652429573,10739.242248535156,2900,1,0.8875,10739.242248535156,2900,1,0.8875,10092.479370117188,2900,1,0.8875,10092.479370117188,2900,1,0.8875,9796.294830322266,2900,1,0.8875,9796.294830322266,2900,1,0.8875,9838.232238769531,2900,1,0.8875,9838.23323059082,2900,1,0.8875,25026.494903564453,2894,2893,2894,1113,2893,1113,2894,1113,2894,2894,2894,2894,2894,2894,1113,1113,50,50,45,40,100,100,100,100,57.894737243652344,100,100,50,100,55,100,30.000001907348633,33039077376,8999923712,6273921024,0
199,1771652429773,10739.522399902344,2900,1,0.8875,10739.522399902344,2900,1,0.8875,10092.749465942383,2900,1,0.8875,10092.749465942383,2900,1,0.8875,9796.547744750977,2900,1,0.8875,9796.547744750977,2900,1,0.8875,9838.516250610352,2900,1,0.8875,9838.516250610352,2900,1,0.8875,25030.042587280273,2894,2893,2894,1113,2893,1113,2894,1113,2894,2894,2894,2894,2894,2894,1113,1113,44.73684310913086,56.41025924682617,51.28205490112305,68.42105102539063,35,100,100,100,50,100,50,97.43589782714844,100,51.28205490112305,100,47.5,33039077376,8999923712,6315692032,0
199,1771652429974,10739.764907836914,2900,1,0.8875,10739.766326904297,2900,1,0.8875,10093.022933959961,2900,1,0.8875,10093.022933959961,2900,1,0.8875,9796.808609008789,2900,1,0.8875,9796.808609008789,2900,1,0.8875,9838.778106689453,2900,1,0.8875,9838.778106689453,2900,1,0.8875,25033.57647705078,2894,2893,2894,1113,2893,1113,2894,1113,2894,2894,2894,2894,2894,2894,1113,1113,42.105262756347656,40,50,100,42.85714340209961,100,100,100,55,100,47.36842346191406,100,90,52.38095474243164,100,15.789472579956055,33039077376,8999923712,6383386624,0
199,1771652430174,10740.033386230469,2900,1,0.8875,10740.033386230469,2900,1,0.8875,10093.276885986328,2900,1,0.8875,10093.276885986328,2900,1,0.8875,9797.067184448242,2900,1,0.8875,9797.067184448242,2900,1,0.8875,9839.050399780273,2900,1,0.8875,9839.050399780273,2900,1,0.8875,25037.082778930664,2894,2893,2894,1113,2893,1113,2894,1113,2894,2894,2894,2894,2894,2894,1113,1113,52.38095474243164,50,10.526315689086914,100,42.105262756347656,100,100,100,40,100,42.105262756347656,100,50,100,100,45,33039077376,8999923712,6385045504,0
199,1771652430374,10740.253219604492,2900,1,0.8875,10740.253219604492,2900,1,0.8875,10093.538528442383,2900,1,0.8875,10093.538528442383,2900,1,0.8875,9797.32405090332,2900,1,0.8875,9797.32405090332,2900,1,0.8875,9839.323913574219,2900,1,0.8875,9839.323913574219,2900,1,0.8875,25040.534378051758,2894,2893,2894,1113,2893,1113,2894,1113,2894,2894,2894,2894,2894,2894,1113,1113,40,36.842105865478516,5,100,40,100,100,100,47.36842346191406,100,45,100,55,100,100,40,33039077376,8999923712,6433382400,0
199,1771652430574,10740.521606445313,2900,1,0.89375,10740.521606445313,2900,1,0.89375,10093.79653930664,2900,1,0.8875,10093.79653930664,2900,1,0.8875,9797.582107543945,2900,1,0.8875,9797.582107543945,2900,1,0.8875,9839.585327148438,2900,1,0.8875,9839.585327148438,2900,1,0.8875,25043.95719909668,2894,2893,2894,1113,2893,1113,2894,1113,2894,2894,2894,2894,2894,2894,1113,1113,44.4444465637207,47.36842346191406,15.000000953674316,100,36.842105865478516,100,100,100,42.85714340209961,100,42.85714340209961,100,45,100,100,40,33039077376,8999923712,6458744832,0
199,1771652430774,10740.74577331543,2900,1,0.8875,10740.747482299805,2900,1,0.8875,10094.036560058594,2900,1,0.8875,10094.036560058594,2900,1,0.8875,9797.849838256836,2900,1,0.8875,9797.849838256836,2900,1,0.8875,9839.850204467773,2900,1,0.8875,9839.850204467773,2900,1,0.8875,25047.36196899414,2894,2893,2894,1113,2893,1113,2894,1113,2894,2894,2894,2894,2894,2894,1113,1113,47.36842346191406,30.000001907348633,35,100,4.761904716491699,100,100,100,35,100,52.6315803527832,100,50,100,100,42.105262756347656,33039077376,8999923712,6500257792,0
199,1771652430974,10740.947830200195,2900,1,0.8875,10740.947830200195,2900,1,0.8875,10094.256210327148,2900,1,0.8875,10094.256210327148,2900,1,0.8875,9798.107131958008,2900,1,0.8875,9798.107131958008,2900,1,0.8875,9840.150131225586,2900,1,0.8875,9840.150131225586,2900,1,0.8875,25050.741821289063,2894,2893,2894,1113,2893,1113,2894,1113,2894,2894,2894,2894,2894,2894,1113,1113,35,33.333335876464844,45,100,0,100,100,100,21.052631378173828,100,47.619049072265625,100,75,100,100,38.095237731933594,33039077376,8999923712,6534778880,0
199,1771652431174,10741.167434692383,2900,1,0.8875,10741.167434692383,2900,1,0.8875,10094.507461547852,2900,1,0.8875,10094.507461547852,2900,1,0.8875,9798.34701538086,2900,1,0.8875,9798.34701538086,2900,1,0.8875,9840.428665161133,2900,1,0.8875,9840.428665161133,2900,1,0.8875,25054.141403198242,2894,2893,2894,1113,2893,1113,2894,1113,2894,2894,2894,2894,2894,2894,1113,1113,42.105262756347656,38.88888931274414,15.789472579956055,100,30.000001907348633,100,100,100,36.842105865478516,100,35,100,57.894737243652344,100,100,36.842105865478516,33039077376,8999923712,6567833600,0
199,1771652431374,10741.438491821289,2900,1,0.8875,10741.438491821289,2900,1,0.8875,10094.756408691406,2900,1,0.8875,10094.756408691406,2900,1,0.8875,9798.591094970703,2900,1,0.8875,9798.591094970703,2900,1,0.8875,9840.667984008789,2900,1,0.8875,9840.667984008789,2900,1,0.8875,25057.508697509766,2894,2893,2894,1113,2893,1113,2894,1113,2894,2894,2894,2894,2894,2894,1113,1113,60.000003814697266,36.842105865478516,20,100,30.000001907348633,100,100,100,45,100,36.842105865478516,100,35,100,55,65,33039077376,8999923712,6592491520,0
199,1771652431574,10741.690551757813,2900,1,0.89375,10741.690551757813,2900,1,0.89375,10095.015731811523,2900,1,0.89375,10095.015731811523,2900,1,0.89375,9798.850540161133,2900,1,0.89375,9798.850540161133,2900,1,0.89375,9840.946090698242,2900,1,0.89375,9840.946090698242,2900,1,0.89375,25060.893020629883,2894,2893,2894,1113,2893,1113,2894,1113,2894,2894,2894,2894,2894,2894,1113,1113,45,52.38095474243164,5,100,38.095237731933594,100,100,100,47.619049072265625,100,45,100,61.904762268066406,100,0,100,33039077376,8999923712,6617350144,0
199,1771652431774,10741.932113647461,2900,1,0.8875,10741.932113647461,2900,1,0.8875,10095.271499633789,2900,1,0.8875,10095.271499633789,2900,1,0.8875,9799.106323242188,2900,1,0.8875,9799.106323242188,2900,1,0.8875,9841.182800292969,2900,1,0.8875,9841.184066772461,2900,1,0.8875,25064.253158569336,2894,2893,2894,1113,2893,1113,2894,1113,2894,2894,2894,2894,2894,2894,1113,1113,47.36842346191406,38.095237731933594,36.842105865478516,100,31.57894515991211,100,100,100,44.4444465637207,100,50,100,31.57894515991211,100,0,100,33039077376,8999923712,6654640128,0
199,1771652431975,10742.162887573242,2900,1,0.8875,10742.162887573242,2900,1,0.8875,10095.523345947266,2900,1,0.8875,10095.523345947266,2900,1,0.8875,9799.34799194336,2900,1,0.8875,9799.34799194336,2900,1,0.8875,9841.414672851563,2900,1,0.8875,9841.414672851563,2900,1,0.8875,25067.551239013672,2894,2893,2894,1113,2893,1113,2894,1113,2894,2894,2894,2894,2894,2894,1113,1113,42.105262756347656,36.842105865478516,40,100,45,100,100,100,42.85714340209961,100,38.095237731933594,100,31.57894515991211,100,0,100,33039077376,8999923712,6676160512,0
199,1771652432175,10742.389923095703,2900,1,0.8875,10742.389923095703,2900,1,0.8875,10095.763168334961,2900,1,0.8875,10095.763168334961,2900,1,0.8875,9799.598419189453,2900,1,0.8875,9799.598419189453,2900,1,0.8875,9841.647003173828,2900,1,0.8875,9841.647003173828,2900,1,0.8875,25070.914321899414,2894,2893,2894,1113,2893,1113,2894,1113,2894,2894,2894,2894,2894,2894,1113,1113,100,30.000001907348633,36.842105865478516,100,36.842105865478516,100,100,100,33.333335876464844,100,42.105262756347656,100,33.333335876464844,100,30.000001907348633,30.000001907348633,33039077376,8999923712,6717190144,0
199,1771652432375,10742.61408996582,2900,1,0.8875,10742.61408996582,2900,1,0.8875,10096.00894165039,2900,1,0.8875,10096.00894165039,2900,1,0.8875,9799.839370727539,2900,1,0.8875,9799.839370727539,2900,1,0.8875,9841.87548828125,2900,1,0.8875,9841.87548828125,2900,1,0.8875,25074.2400970459,2894,2893,2894,1113,2893,1113,2894,1113,2894,2894,2894,2894,2894,2894,1113,1113,100,31.57894515991211,33.333335876464844,100,36.842105865478516,100,100,100,40,100,35,100,31.57894515991211,100,36.842105865478516,35,33039077376,8999923712,6742036480,0
199,1771652432575,10742.842071533203,2900,1,0.8875,10742.842071533203,2900,1,0.8875,10096.243881225586,2900,1,0.8875,10096.243881225586,2900,1,0.8875,9800.070785522461,2900,1,0.8875,9800.070785522461,2900,1,0.8875,9842.109924316406,2900,1,0.8875,9842.109924316406,2900,1,0.8875,25077.580184936523,2894,2893,2894,1113,2893,1113,2894,1113,2894,2894,2894,2894,2894,2894,1113,1113,100,30.000001907348633,40,100,38.095237731933594,100,75,100,35,100,31.57894515991211,100,38.095237731933594,100,65,26.3157901763916,33039077376,8999923712,6775640064,0
199,1771652432775,10743.066375732422,2900,1,0.8875,10743.066375732422,2900,1,0.8875,10096.48063659668,2900,1,0.8875,10096.48063659668,2900,1,0.8875,9800.304550170898,2900,1,0.8875,9800.304550170898,2900,1,0.8875,9842.339111328125,2900,1,0.8875,9842.339111328125,2900,1,0.8875,25080.957962036133,2894,2893,2894,1113,2893,1113,2894,1113,2894,2894,2894,2894,2894,2894,1113,1113,100,31.57894515991211,30.000001907348633,100,36.842105865478516,100,30.000001907348633,100,35,100,31.57894515991211,100,31.57894515991211,100,100,42.85714340209961,33039077376,8999923712,6796275712,0
199,1771652432975,10743.300720214844,2900,1,0.8875,10743.300720214844,2900,1,0.8875,10096.709884643555,2900,1,0.8875,10096.71078491211,2900,1,0.8875,9800.550720214844,2875,1,0.8875,9800.550720214844,2900,1,0.8875,9842.541900634766,2900,1,0.8875,9842.541900634766,2900,1,0.8875,25084.381744384766,2894,2893,2894,1113,2893,1113,2894,1113,2894,2894,2894,2894,2894,2894,1113,1113,100,35,45,100,35,100,40,100,31.57894515991211,100,40,100,15.000000953674316,100,100,38.88888931274414,33039077376,8999923712,6842597376,0
199,1771652433175,10743.501251220703,2900,1,0.8875,10743.501251220703,2900,1,0.8875,10096.964370727539,2900,1,0.8875,10096.964370727539,2900,1,0.8875,9800.790817260742,2900,1,0.8875,9800.790817260742,2900,1,0.8875,9842.770294189453,2900,1,0.8875,9842.770294189453,2900,1,0.8875,25087.78271484375,2894,2893,2894,1113,2893,1113,2894,1113,2894,2894,2894,2894,2894,2894,1113,1113,100,15.789472579956055,35,100,40,100,36.842105865478516,100,50,100,38.095237731933594,100,30.000001907348633,100,100,30.000001907348633,33039077376,8999923712,6859255808,0
199,1771652433375,10743.692779541016,2900,1,0.8875,10743.692779541016,2900,1,0.8875,10097.18734741211,2900,1,0.8875,10097.18734741211,2900,1,0.8875,9801.02848815918,2900,1,0.8875,9801.02848815918,2900,1,0.8875,9842.995971679688,2900,1,0.8875,9842.995971679688,2900,1,0.8875,25091.13653564453,2894,2893,2894,1113,2893,1113,2894,1113,2894,2894,2894,2894,2894,2894,1113,1113,100,10.526315689086914,31.57894515991211,100,63.15789031982422,100,35,100,26.3157901763916,100,35,100,35,100,100,35,33039077376,8999923712,6892056576,0
197,1771652433578,10743.91325378418,2900,1,0.8875,10743.91325378418,2900,1,0.8875,10097.43246459961,2900,1,0.8875,10097.43246459961,2900,1,0.8875,9801.24594116211,2900,1,0.8875,9801.246856689453,2900,1,0.8875,9843.239517211914,2900,1,0.8875,9843.239517211914,2900,1,0.8875,25094.560760498047,2894,2893,2894,1113,2893,1113,2894,1113,2894,2894,2894,2894,2894,2894,1113,1113,100,25,40,100,45.45454788208008,100,35,100,42.105262756347656,100,21.052631378173828,100,45,100,100,42.85714340209961,33039077376,8999923712,6925373440,0
199,1771652433775,10744.130783081055,2900,1,0.8875,10744.130783081055,2900,1,0.8875,10097.659194946289,2900,1,0.8875,10097.659194946289,2900,1,0.8875,9801.50668334961,2900,1,0.8875,9801.50668334961,2900,1,0.8875,9843.456192016602,2900,1,0.8875,9843.456192016602,2900,1,0.8875,25097.879302978516,2894,2893,2894,1113,2893,1113,2894,1113,2894,2894,2894,2894,2894,2894,1113,1113,100,25,40,100,45.45454788208008,100,35,100,42.105262756347656,100,21.052631378173828,100,45,100,100,42.85714340209961,33039077376,8999923712,6966685696,0
199,1771652433976,10744.36068725586,2900,1,0.8875,10744.36068725586,2900,1,0.8875,10097.892715454102,2900,1,0.8875,10097.892715454102,2900,1,0.8875,9801.741073608398,2900,1,0.8875,9801.741073608398,2900,1,0.8875,9843.685180664063,2900,1,0.8875,9843.685180664063,2900,1,0.8875,25101.194396972656,2894,2893,2894,1113,2893,1113,2894,1113,2894,2894,2894,2894,2894,2894,1113,1113,100,28.947368621826172,35,100,31.57894515991211,100,41.02564239501953,87.5,35,100,46.153846740722656,100,30.76923179626465,100,100,23.076923370361328,33039077376,8999923712,6983966720,0
199,1771652434176,10744.616622924805,2900,1,0.8875,10744.618103027344,2900,1,0.8875,10098.10188293457,2900,1,0.8875,10098.10188293457,2900,1,0.8875,9801.979461669922,2900,1,0.8875,9801.979461669922,2900,1,0.8875,9843.929779052734,2900,1,0.8875,9843.929779052734,2900,1,0.8875,25104.619079589844,2894,2893,2894,1113,2893,1113,2894,1113,2894,2894,2894,2894,2894,2894,1113,1113,100,52.6315803527832,35,100,30.000001907348633,100,100,31.57894515991211,21.052631378173828,100,35,100,42.85714340209961,100,100,35,33039077376,8999923712,7000883200,0
199,1771652434376,10744.848709106445,2900,1,0.8875,10744.848709106445,2900,1,0.8875,10098.311874389648,2900,1,0.8875,10098.311874389648,2900,1,0.8875,9802.210250854492,2900,1,0.8875,9802.211166381836,2900,1,0.8875,9844.181350708008,2900,1,0.8875,9844.181350708008,2900,1,0.8875,25107.959182739258,2894,2893,2894,1113,2893,1113,2894,1113,2894,2894,2894,2894,2894,2894,1113,1113,100,38.095237731933594,25,100,45,100,100,25,20,100,35,100,52.6315803527832,100,100,25,33039077376,8999923712,7045611520,0
199,1771652434576,10745.078598022461,2900,1,0.8875,10745.078598022461,2900,1,0.8875,10098.555480957031,2900,1,0.8875,10098.555480957031,2900,1,0.8875,9802.446380615234,2900,1,0.8875,9802.446380615234,2900,1,0.8875,9844.408416748047,2900,1,0.8875,9844.408416748047,2900,1,0.8875,25111.309692382813,2894,2893,2894,1113,2893,1113,2894,1113,2894,2894,2894,2894,2894,2894,1113,1113,100,31.57894515991211,25,100,35,100,100,35,42.105262756347656,100,40,100,30.000001907348633,100,100,31.57894515991211,33039077376,8999923712,7058427904,0
199,1771652434776,10745.271682739258,2900,1,0.8875,10745.271682739258,2900,1,0.8875,10098.809783935547,2900,1,0.8875,10098.809783935547,2900,1,0.8875,9802.669204711914,2900,1,0.8875,9802.669204711914,2900,1,0.8875,9844.64126586914,2900,1,0.8875,9844.64126586914,2900,1,0.8875,25114.682708740234,2894,2893,2894,1113,2893,1113,2894,1113,2894,2894,2894,2894,2894,2894,1113,1113,100,5.555555820465088,38.095237731933594,100,36.842105865478516,100,100,31.57894515991211,47.619049072265625,100,31.57894515991211,100,40,100,100,35,33039077376,8999923712,7091228672,0
199,1771652434976,10745.516647338867,2900,1,0.8875,10745.516647338867,2900,1,0.8875,10099.056228637695,2900,1,0.8875,10099.060363769531,2900,1,0.8875,9802.8857421875,2900,1,0.8875,9802.8857421875,2900,1,0.8875,9844.840347290039,2900,1,0.8875,9844.840347290039,2900,1,0.8875,25118.037399291992,2894,2893,2894,1113,2893,1113,2894,1113,2894,2894,2894,2894,2894,2894,1113,1113,100,45,35,100,36.3636360168457,100,100,40.90909194946289,50,100,42.85714340209961,80,14.285715103149414,100,100,25,33039077376,8999923712,7117725696,0
199,1771652435176,10745.741271972656,2900,1,0.8875,10745.741271972656,2900,1,0.8875,10099.291091918945,2900,1,0.8875,10099.291091918945,2900,1,0.8875,9803.123245239258,2900,1,0.8875,9803.123245239258,2900,1,0.8875,9845.062210083008,2900,1,0.8875,9845.062210083008,2900,1,0.8875,25121.32489013672,2894,2893,2894,1113,2893,1113,2894,1113,2894,2894,2894,2894,2894,2894,1113,1113,100,36.842105865478516,35,100,26.3157901763916,100,100,36.842105865478516,36.842105865478516,100,100,40,31.57894515991211,100,100,35,33039077376,8999923712,7120965632,0
199,1771652435376,10745.970565795898,2900,1,0.8875,10745.970565795898,2900,1,0.8875,10099.53010559082,2900,1,0.8875,10099.53010559082,2900,1,0.8875,9803.356903076172,2900,1,0.8875,9803.356903076172,2900,1,0.8875,9845.285202026367,2900,1,0.8875,9845.285202026367,2900,1,0.8875,25124.640899658203,2894,2893,2894,1113,2893,1113,2894,1113,2894,2894,2894,2894,2894,2894,1113,1113,100,35,36.842105865478516,100,26.3157901763916,100,100,30.000001907348633,40,100,100,31.57894515991211,33.333335876464844,100,100,35,33039077376,8999923712,7133265920,0
199,1771652435576,10746.207229614258,2900,1,0.8875,10746.208358764648,2900,1,0.8875,10099.763320922852,2900,1,0.8875,10099.763320922852,2900,1,0.8875,9803.591735839844,2900,1,0.8875,9803.591735839844,2900,1,0.8875,9845.512832641602,2900,1,0.8875,9845.512832641602,2900,1,0.8875,25127.995178222656,2894,2893,2894,1113,2893,1113,2894,1113,2894,2894,2894,2894,2894,2894,1113,1113,100,45,31.57894515991211,100,30.000001907348633,100,100,31.57894515991211,35,100,100,35,36.842105865478516,100,100,31.57894515991211,33039077376,8999923712,7149662208,0
199,1771652435776,10746.457870483398,2900,1,0.8875,10746.457870483398,2900,1,0.8875,10099.984786987305,2900,1,0.8875,10099.984786987305,2900,1,0.8875,9803.826690673828,2900,1,0.8875,9803.827682495117,2900,1,0.8875,9845.718276977539,2900,1,0.8875,9845.718276977539,2900,1,0.8875,25131.31639099121,2894,2893,2894,1113,2893,1113,2894,1113,2894,2894,2894,2894,2894,2894,1113,1113,100,47.36842346191406,30.000001907348633,100,31.57894515991211,100,100,35,80,55,100,40,20,100,100,25,33039077376,8999923712,7149920256,0
199,1771652435976,10746.689163208008,2900,1,0.8875,10746.689163208008,2900,1,0.8875,10100.216018676758,2900,1,0.8875,10100.216018676758,2900,1,0.8875,9804.06965637207,2900,1,0.8875,9804.06965637207,2900,1,0.8875,9845.93376159668,2900,1,0.8875,9845.93376159668,2900,1,0.8875,25134.628860473633,2894,2893,2894,1113,2893,1113,2894,1113,2894,2894,2894,2894,2894,2894,1113,1113,100,36.842105865478516,30.000001907348633,100,35,100,100,40.90909194946289,100,35,100,40,25,100,100,31.81818199157715,33039077376,8999923712,7150264320,0
199,1771652436177,10746.918579101563,2900,1,0.8875,10746.918579101563,2900,1,0.8875,10100.444107055664,2900,1,0.8875,10100.444107055664,2900,1,0.8875,9804.318984985352,2900,1,0.8875,9804.318984985352,2900,1,0.8875,9846.1806640625,2900,1,0.8875,9846.1806640625,2900,1,0.8875,25137.966415405273,2894,2893,2894,1113,2893,1113,2894,1113,2894,2894,2894,2894,2894,2894,1113,1113,100,35,36.3636360168457,100,20,100,100,27.77777862548828,100,30.000001907348633,100,47.36842346191406,47.36842346191406,100,100,31.57894515991211,33039077376,8999923712,7158464512,0
199,1771652436377,10747.147994995117,2900,1,0.8875,10747.147994995117,2900,1,0.8875,10100.679977416992,2900,1,0.8875,10100.681259155273,2900,1,0.8875,9804.546157836914,2900,1,0.8875,9804.546157836914,2900,1,0.8875,9846.406204223633,2900,1,0.8875,9846.406204223633,2900,1,0.8875,25141.29783630371,2894,2893,2894,1113,2893,1113,2894,1113,2894,2894,2894,2894,2894,2894,1113,1113,100,35,31.57894515991211,100,15.000000953674316,100,100,35,100,42.105262756347656,100,31.57894515991211,35,100,100,35,33039077376,8999923712,7158464512,0
199,1771652436577,10747.372085571289,2900,1,0.8875,10747.372085571289,2900,1,0.8875,10100.948303222656,2900,1,0.8875,10100.948303222656,2900,1,0.8875,9804.779708862305,2900,1,0.8875,9804.78060913086,2900,1,0.8875,9846.613632202148,2900,1,0.8875,9846.613632202148,2900,1,0.8875,25144.66502380371,2894,2893,2894,1113,2893,1113,2894,1113,2894,2894,2894,2894,2894,2894,1113,1113,100,31.57894515991211,40,100,31.57894515991211,100,100,30.000001907348633,100,55,100,35,20,100,100,35,33039077376,8999923712,7158837248,0
199,1771652436777,10747.591812133789,2900,1,0.8875,10747.591812133789,2900,1,0.8875,10101.201202392578,2900,1,0.8875,10101.201202392578,2900,1,0.8875,9805.01205444336,2900,1,0.8875,9805.01205444336,2900,1,0.8875,9846.815322875977,2900,1,0.8875,9846.815322875977,2900,1,0.8875,25147.96337890625,2894,2893,2894,1113,2893,1113,2894,1113,2894,2894,2894,2894,2894,2894,1113,1113,100,35,30.000001907348633,100,26.3157901763916,100,100,35,100,52.6315803527832,100,35,15.789472579956055,100,100,25,33039077376,8999923712,7159095296,0
199,1771652436977,10747.82453918457,2900,1,0.8875,10747.825988769531,2900,1,0.8875,10101.425430297852,2900,1,0.8875,10101.425430297852,2900,1,0.8875,9805.240600585938,2900,1,0.8875,9805.240600585938,2900,1,0.8875,9847.039031982422,2900,1,0.8875,9847.039031982422,2900,1,0.8875,25151.268188476563,2894,2893,2894,1113,2893,1113,2894,1113,2894,2894,2894,2894,2894,2894,1113,1113,100,40,35,100,28.571430206298828,100,100,30.000001907348633,100,30.000001907348633,100,35,30.000001907348633,100,100,30.000001907348633,33039077376,8999923712,7167410176,0
199,1771652437177,10748.045761108398,2900,1,0.8875,10748.045761108398,2900,1,0.8875,10101.63003540039,2900,1,0.8875,10101.63003540039,2900,1,0.8875,9805.487258911133,2900,1,0.8875,9805.488174438477,2900,1,0.8875,9847.286422729492,2900,1,0.8875,9847.286422729492,2900,1,0.8875,25154.627563476563,2894,2893,2894,1113,2893,1113,2894,1113,2894,2894,2894,2894,2894,2894,1113,1113,100,35,35,100,35,100,100,30.000001907348633,100,21.052631378173828,100,50,50,100,100,36.842105865478516,33039077376,8999923712,7168139264,0
199,1771652437377,10748.280059814453,2900,1,0.8875,10748.280059814453,2900,1,0.8875,10101.838363647461,2900,1,0.8875,10101.838363647461,2900,1,0.8875,9805.714324951172,2900,1,0.8875,9805.714324951172,2900,1,0.8875,9847.495986938477,2900,1,0.8875,9847.495986938477,2900,1,0.8875,25157.930297851563,2894,2893,2894,1113,2893,1113,2894,1113,2894,2894,2894,2894,2894,2894,1113,1113,100,40,31.57894515991211,100,31.57894515991211,100,100,31.57894515991211,100,21.052631378173828,100,31.57894515991211,66.66667175292969,60.000003814697266,57.894737243652344,84.21052551269531,33039077376,8999923712,7168139264,0
199,1771652437577,10748.501922607422,2900,1,0.8875,10748.501922607422,2900,1,0.8875,10102.061965942383,2900,1,0.8875,10102.061965942383,2900,1,0.8875,9805.956481933594,2900,1,0.8875,9805.956481933594,2900,1,0.8875,9847.711730957031,2900,1,0.8875,9847.711730957031,2900,1,0.8875,25161.255081176758,2894,2893,2894,1113,2893,1113,2894,1113,2894,2894,2894,2894,2894,2894,1113,1113,100,31.57894515991211,35,100,40,100,95,38.095237731933594,100,30.000001907348633,100,40,100,28.571430206298828,35,100,33039077376,8999923712,7168655360,0
199,1771652437777,10748.728881835938,2900,1,0.8875,10748.728881835938,2900,1,0.8875,10102.291702270508,2900,1,0.8875,10102.293167114258,2900,1,0.8875,9806.211029052734,2900,1,0.8875,9806.211029052734,2900,1,0.8875,9847.910186767578,2900,1,0.8875,9847.910186767578,2900,1,0.8875,25164.57585144043,2894,2893,2894,1113,2893,1113,2894,1113,2894,2894,2894,2894,2894,2894,1113,1113,100,33.333335876464844,35,100,31.57894515991211,100,25,100,100,42.85714340209961,100,50,100,15.789472579956055,36.842105865478516,100,33039077376,8999923712,7168909312,0
199,1771652437978,10748.9443359375,2900,1,0.8875,10748.9443359375,2900,1,0.8875,10102.516586303711,2900,1,0.8875,10102.516586303711,2900,1,0.8875,9806.458419799805,2900,1,0.8875,9806.458419799805,2900,1,0.8875,9848.114624023438,2900,1,0.8875,9848.114624023438,2900,1,0.8875,25167.895065307617,2894,2893,2894,1113,2893,1113,2894,1113,2894,2894,2894,2894,2894,2894,1113,1113,100,30.000001907348633,30.000001907348633,100,35,100,40,100,100,31.57894515991211,100,47.36842346191406,100,20,40,86.36363983154297,33039077376,8999923712,7168569344,0
199,1771652438178,10749.190567016602,2900,1,0.8875,10749.190567016602,2900,1,0.8875,10102.702606201172,2900,1,0.8875,10102.702606201172,2900,1,0.8875,9806.700317382813,2900,1,0.8875,9806.700317382813,2900,1,0.8875,9848.34927368164,2900,1,0.8875,9848.34927368164,2900,1,0.8875,25171.236297607422,2894,2893,2894,1113,2893,1113,2894,1113,2894,2894,2894,2894,2894,2894,1113,1113,100,50,21.052631378173828,100,40,100,42.105262756347656,100,100,5.263157844543457,100,40,100,42.85714340209961,100,31.57894515991211,33039077376,8999923712,7169085440,0
199,1771652438378,10749.455764770508,2900,1,0.8875,10749.455764770508,2900,1,0.8875,10102.917678833008,2900,1,0.8875,10102.917678833008,2900,1,0.8875,9806.943984985352,2900,1,0.8875,9806.943984985352,2900,1,0.8875,9848.560028076172,2900,1,0.8875,9848.560028076172,2900,1,0.8875,25174.633743286133,2894,2893,2894,1113,2893,1113,2894,1113,2894,2894,2894,2894,2894,2894,1113,1113,100,63.15789031982422,28.571430206298828,100,35,100,30.000001907348633,100,100,25,100,40,100,21.052631378173828,100,35,33039077376,8999923712,7169085440,0
199,1771652438578,10749.699111938477,2900,1,0.8875,10749.699111938477,2900,1,0.8875,10103.13801574707,2900,1,0.8875,10103.13801574707,2900,1,0.8875,9807.171875,2900,1,0.8875,9807.171875,2900,1,0.8875,9848.794784545898,2900,1,0.8875,9848.794784545898,2900,1,0.8875,25177.965255737305,2894,2893,2894,1113,2893,1113,2894,1113,2894,2894,2894,2894,2894,2894,1113,1113,100,45,35,100,30.000001907348633,100,35,100,100,35,100,26.3157901763916,100,40,100,31.57894515991211,33039077376,8999923712,7162359808,0
199,1771652438778,10749.927322387695,2900,1,0.8875,10749.927322387695,2900,1,0.8875,10103.375228881836,2900,1,0.8875,10103.375228881836,2900,1,0.8875,9807.391830444336,2900,1,0.8875,9807.391830444336,2900,1,0.8875,9849.024017333984,2900,1,0.8875,9849.025192260742,2900,1,0.8875,25181.286514282227,2894,2893,2894,1113,2893,1113,2894,1113,2894,2894,2894,2894,2894,2894,1113,1113,35,100,35,100,36.842105865478516,100,23.809524536132813,100,100,36.842105865478516,100,26.3157901763916,100,36.842105865478516,100,35,33039077376,8999923712,7162875904,0
199,1771652438978,10750.163696289063,2900,1,0.8875,10750.163696289063,2900,1,0.8875,10103.605407714844,2900,1,0.8875,10103.605407714844,2900,1,0.8875,9807.618957519531,2900,1,0.8875,9807.618957519531,2900,1,0.8875,9849.24983215332,2900,1,0.8875,9849.24983215332,2900,1,0.8875,25184.632583618164,2894,2893,2894,1113,2893,1113,2894,1113,2894,2894,2894,2894,2894,2894,1113,1113,42.105262756347656,100,21.052631378173828,100,38.095237731933594,100,33.333335876464844,100,100,35,100,42.85714340209961,100,33.333335876464844,100,40,33039077376,8999923712,7163514880,0
199,1771652439178,10750.391006469727,2900,1,0.8875,10750.391006469727,2900,1,0.8875,10103.834365844727,2900,1,0.8875,10103.835891723633,2900,1,0.8875,9807.836334228516,2900,1,0.8875,9807.836334228516,2900,1,0.8875,9849.490676879883,2900,1,0.8875,9849.490676879883,2900,1,0.8875,25187.991104125977,2894,2893,2894,1113,2893,1113,2894,1113,2894,2894,2894,2894,2894,2894,1113,1113,35,100,35,100,42.105262756347656,100,31.57894515991211,100,100,40,100,30.000001907348633,100,42.105262756347656,100,21.052631378173828,33039077376,8999923712,7164260352,0
199,1771652439378,10750.64616394043,2900,1,0.8875,10750.64616394043,2900,1,0.8875,10104.064682006836,2900,1,0.8875,10104.064682006836,2900,1,0.8875,9808.039413452148,2900,1,0.8875,9808.040985107422,2900,1,0.8875,9849.70671081543,2900,1,0.8875,9849.70671081543,2900,1,0.8875,25191.31703186035,2894,2893,2894,1113,2893,1113,2894,1113,2894,2894,2894,2894,2894,2894,1113,1113,52.6315803527832,100,45,84.21052551269531,42.85714340209961,100,31.57894515991211,100,100,35,100,20,100,30.000001907348633,100,26.3157901763916,33039077376,8999923712,7164260352,0
199,1771652439578,10750.901809692383,2900,1,0.8875,10750.901809692383,2900,1,0.8875,10104.298141479492,2900,1,0.8875,10104.298141479492,2900,1,0.8875,9808.272430419922,2900,1,0.8875,9808.272430419922,2900,1,0.8875,9849.910751342773,2900,1,0.8875,9849.910751342773,2900,1,0.8875,25194.651794433594,2894,2893,2894,1113,2893,1113,2894,1113,2894,2894,2894,2894,2894,2894,1113,1113,60.000003814697266,100,90,33.333335876464844,47.36842346191406,100,45,100,100,35,100,36.842105865478516,100,20,100,33.333335876464844,33039077376,8999923712,7164260352,0
199,1771652439778,10751.129669189453,2900,1,0.8875,10751.130554199219,2900,1,0.8875,10104.52587890625,2900,1,0.8875,10104.52587890625,2900,1,0.8875,9808.508438110352,2900,1,0.8875,9808.508438110352,2900,1,0.8875,9850.123794555664,2900,1,0.8875,9850.123794555664,2900,1,0.8875,25197.967041015625,2894,2893,2894,1113,2893,1113,2894,1113,2894,2894,2894,2894,2894,2894,1113,1113,36.842105865478516,100,31.57894515991211,100,35,100,35,100,100,35,100,45,100,25,100,30.000001907348633,33039077376,8999923712,7164518400,0
199,1771652439979,10751.356338500977,2900,1,0.8875,10751.356338500977,2900,1,0.8875,10104.761810302734,2900,1,0.8875,10104.761810302734,2900,1,0.8875,9808.731430053711,2900,1,0.8875,9808.731430053711,2900,1,0.8875,9850.341201782227,2900,1,0.8875,9850.341201782227,2900,1,0.8875,25201.295196533203,2894,2893,2894,1113,2893,1113,2894,1113,2894,2894,2894,2894,2894,2894,1113,1113,36.842105865478516,100,35,100,55,80,31.57894515991211,100,100,40,100,35,100,26.3157901763916,100,38.095237731933594,33039077376,8999923712,7165292544,0
199,1771652440179,10751.556518554688,2900,1,0.8875,10751.556518554688,2900,1,0.8875,10104.981430053711,2900,1,0.8875,10104.981430053711,2900,1,0.8875,9808.972564697266,2900,1,0.8875,9808.972564697266,2900,1,0.8875,9850.566665649414,2900,1,0.8875,9850.568145751953,2900,1,0.8875,25204.65478515625,2894,2893,2894,1113,2893,1113,2894,1113,2894,2894,2894,2894,2894,2894,1113,1113,20,100,40,100,100,35,35,100,100,30.000001907348633,100,42.105262756347656,100,35,100,47.36842346191406,33039077376,8999923712,7165804544,0
199,1771652440379,10751.796096801758,2900,1,0.8875,10751.796096801758,2900,1,0.8875,10105.228302001953,2900,1,0.8875,10105.228302001953,2900,1,0.8875,9809.201232910156,2900,1,0.8875,9809.201232910156,2900,1,0.8875,9850.804397583008,2900,1,0.8875,9850.804397583008,2900,1,0.8875,25207.94871520996,2894,2893,2894,1113,2893,1113,2894,1113,2894,2894,2894,2894,2894,2894,1113,1113,50,100,30.000001907348633,95.23809814453125,100,31.57894515991211,35,100,100,47.36842346191406,100,40,100,40,100,0,33039077376,8999923712,7165804544,0
199,1771652440579,10752.026077270508,2900,1,0.8875,10752.026077270508,2900,1,0.8875,10105.452423095703,2900,1,0.8875,10105.453308105469,2900,1,0.8875,9809.437774658203,2900,1,0.8875,9809.437774658203,2900,1,0.8875,9851.041259765625,2900,1,0.8875,9851.041259765625,2900,1,0.8875,25211.30096435547,2894,2893,2894,1113,2893,1113,2894,1113,2894,2894,2894,2894,2894,2894,1113,1113,36.842105865478516,100,100,5,100,35,47.36842346191406,100,100,31.57894515991211,100,40,100,42.105262756347656,100,42.105262756347656,33039077376,8999923712,7165804544,0
199,1771652440779,10752.25309753418,2900,1,0.8875,10752.25309753418,2900,1,0.8875,10105.66650390625,2900,1,0.8875,10105.66650390625,2900,1,0.8875,9809.663131713867,2900,1,0.8875,9809.663131713867,2900,1,0.8875,9851.274688720703,2900,1,0.8875,9851.274688720703,2900,1,0.8875,25214.646408081055,2894,2893,2894,1113,2893,1113,2894,1113,2894,2894,2894,2894,2894,2894,1113,1113,35,100,100,35,100,35,38.095237731933594,100,100,26.3157901763916,100,38.095237731933594,100,35,100,36.842105865478516,33039077376,8999923712,7165804544,0
199,1771652440979,10752.488784790039,2900,1,0.8875,10752.488784790039,2900,1,0.8875,10105.904113769531,2900,1,0.8875,10105.904113769531,2900,1,0.8875,9809.910278320313,2900,1,0.8875,9809.910278320313,2900,1,0.8875,9851.463836669922,2900,1,0.8875,9851.463836669922,2900,1,0.8875,25217.96794128418,2894,2893,2894,1113,2893,1113,2894,1113,2894,2894,2894,2894,2894,2894,1113,1113,42.105262756347656,100,100,31.57894515991211,100,35,26.3157901763916,100,95,47.619049072265625,100,50,100,10.526315689086914,100,33.333335876464844,33039077376,8999923712,7165804544,0
199,1771652441179,10752.720779418945,2900,1,0.8875,10752.720779418945,2900,1,0.8875,10106.166641235352,2900,1,0.8875,10106.166641235352,2900,1,0.8875,9810.129898071289,2900,1,0.8875,9810.129898071289,2900,1,0.8875,9851.709014892578,2900,1,0.8875,9851.709014892578,2900,1,0.8875,25221.317825317383,2894,2893,2894,1113,2893,1113,2894,1113,2894,2894,2894,2894,2894,2894,1113,1113,36.842105865478516,100,100,30.000001907348633,100,35,23.809524536132813,100,52.6315803527832,100,100,30.000001907348633,100,47.619049072265625,100,30.000001907348633,33039077376,8999923712,7165804544,0
199,1771652441379,10752.941665649414,2900,1,0.8875,10752.941665649414,2900,1,0.8875,10106.409805297852,2900,1,0.8875,10106.409805297852,2900,1,0.8875,9810.368530273438,2900,1,0.8875,9810.368530273438,2900,1,0.8875,9851.952911376953,2900,1,0.8875,9851.954498291016,2900,1,0.8875,25224.7159576416,2894,2893,2894,1113,2893,1113,2894,1113,2894,2894,2894,2894,2894,2894,1113,1113,50,80,100,35,100,30.000001907348633,36.842105865478516,100,45,100,100,42.105262756347656,100,47.36842346191406,52.6315803527832,60.000003814697266,33039077376,8999923712,7165804544,0
199,1771652441579,10753.164108276367,2900,1,0.8875,10753.164108276367,2900,1,0.8875,10106.645553588867,2900,1,0.8875,10106.645553588867,2900,1,0.8875,9810.573837280273,2900,1,0.8875,9810.573837280273,2900,1,0.8875,9852.187744140625,2900,1,0.8875,9852.187744140625,2900,1,0.8875,25228.076049804688,2894,2893,2894,1113,2893,1113,2894,1113,2894,2894,2894,2894,2894,2894,1113,1113,100,30.000001907348633,100,36.842105865478516,100,40,50,100,36.842105865478516,100,100,21.052631378173828,100,40,42.85714340209961,100,33039077376,8999923712,7166062592,0
199,1771652441779,10753.418884277344,2900,1,0.8875,10753.418884277344,2900,1,0.8875,10106.873077392578,2900,1,0.8875,10106.873077392578,2900,1,0.8875,9810.76887512207,2900,1,0.8875,9810.76887512207,2900,1,0.8875,9852.416458129883,2900,1,0.8875,9852.416458129883,2900,1,0.8875,25231.419876098633,2894,2893,2894,1113,2893,1113,2894,1113,2894,2894,2894,2894,2894,2894,1113,1113,100,55,100,40,100,21.052631378173828,36.842105865478516,100,38.095237731933594,100,100,19.047618865966797,100,35,35,100,33039077376,8999923712,7166062592,0
199,1771652441980,10753.635208129883,2900,1,0.8875,10753.635208129883,2900,1,0.8875,10107.102569580078,2900,1,0.8875,10107.10400390625,2900,1,0.8875,9810.962020874023,2900,1,0.8875,9810.962020874023,2900,1,0.8875,9852.645889282227,2900,1,0.8875,9852.645889282227,2900,1,0.8875,25234.778198242188,2894,2893,2894,1113,2893,1113,2894,1113,2894,2894,2894,2894,2894,2894,1113,1113,100,26.3157901763916,100,40,100,50,40,100,35,100,100,10.526315689086914,100,38.095237731933594,42.105262756347656,100,33039077376,8999923712,7166509056,0
199,1771652442180,10753.8671875,2900,1,0.8875,10753.8671875,2900,1,0.8875,10107.305557250977,2900,1,0.8875,10107.305557250977,2900,1,0.8875,9811.171417236328,2900,1,0.8875,9811.172882080078,2900,1,0.8875,9852.871810913086,2900,1,0.8875,9852.871810913086,2900,1,0.8875,25238.12808227539,2894,2893,2894,1113,2893,1113,2894,1113,2894,2894,2894,2894,2894,2894,1113,1113,100,40,100,45,100,47.36842346191406,45,100,15.000000953674316,100,100,21.052631378173828,100,31.57894515991211,42.105262756347656,100,33039077376,8999923712,7166509056,0
199,1771652442380,10754.110046386719,2900,1,0.8875,10754.110046386719,2900,1,0.8875,10107.51806640625,2900,1,0.8875,10107.51806640625,2900,1,0.8875,9811.38442993164,2900,1,0.8875,9811.38442993164,2900,1,0.8875,9853.082717895508,2900,1,0.8875,9853.082717895508,2900,1,0.8875,25241.43327331543,2894,2893,2894,1113,2893,1113,2894,1113,2894,2894,2894,2894,2894,2894,1113,1113,100,47.36842346191406,100,35,100,28.571430206298828,47.619049072265625,100,26.3157901763916,100,100,31.81818199157715,100,28.571430206298828,47.619049072265625,100,33039077376,8999923712,7166509056,0
199,1771652442580,10754.331314086914,2900,1,0.8875,10754.332229614258,2900,1,0.8875,10107.776443481445,2875,1,0.8875,10107.776443481445,2900,1,0.8875,9811.623321533203,2900,1,0.8875,9811.623321533203,2900,1,0.8875,9853.311065673828,2900,1,0.8875,9853.311065673828,2900,1,0.8875,25244.788467407227,2894,2893,2894,1113,2893,1113,2894,1113,2894,2894,2894,2894,2894,2894,1113,1113,100,31.57894515991211,100,21.052631378173828,100,25,36.842105865478516,100,55,100,100,42.105262756347656,100,31.57894515991211,50,100,33039077376,8999923712,7166767104,0
199,1771652442780,10754.550079345703,2900,1,0.8875,10754.550079345703,2900,1,0.8875,10108.039291381836,2900,1,0.8875,10108.039291381836,2900,1,0.8875,9811.848114013672,2900,1,0.8875,9811.848114013672,2900,1,0.8875,9853.555618286133,2900,1,0.8875,9853.555618286133,2900,1,0.8875,25248.10954284668,2894,2893,2894,1113,2893,1113,2894,1113,2894,2894,2894,2894,2894,2894,1113,1113,100,30.000001907348633,100,35,100,42.105262756347656,25,100,60.000003814697266,100,100,35,100,50,0,100,33039077376,8999923712,7167025152,0
199,1771652442980,10754.791931152344,2900,1,0.8875,10754.791931152344,2900,1,0.8875,10108.271347045898,2900,1,0.8875,10108.271347045898,2900,1,0.8875,9812.075485229492,2900,1,0.8875,9812.075485229492,2900,1,0.8875,9853.782135009766,2900,1,0.8875,9853.782135009766,2900,1,0.8875,25251.426712036133,2894,2893,2894,1113,2893,1113,2894,1113,2894,2894,2894,2894,2894,2894,1113,1113,100,50,100,35,100,20,35,100,35,100,100,36.842105865478516,100,35,25,100,33039077376,8999923712,7166775296,0
199,1771652443180,10755.016082763672,2900,1,0.8875,10755.016082763672,2900,1,0.8875,10108.503692626953,2900,1,0.8875,10108.503692626953,2900,1,0.8875,9812.28141784668,2900,1,0.8875,9812.28141784668,2900,1,0.8875,9854.044357299805,2900,1,0.8875,9854.044357299805,2900,1,0.8875,25254.791702270508,2894,2893,2894,1113,2893,1113,2894,1113,2894,2894,2894,2894,2894,2894,1113,1113,100,31.57894515991211,100,38.095237731933594,100,36.842105865478516,45,100,40,100,26.3157901763916,95,100,57.894737243652344,30.000001907348633,100,33039077376,8999923712,7167057920,0
199,1771652443380,10755.237182617188,2900,1,0.8875,10755.237182617188,2900,1,0.8875,10108.726638793945,2900,1,0.8875,10108.72787475586,2900,1,0.8875,9812.51008605957,2900,1,0.8875,9812.51008605957,2900,1,0.8875,9854.269989013672,2900,1,0.8875,9854.269989013672,2900,1,0.8875,25258.100006103516,2894,2893,2894,1113,2893,1113,2894,1113,2894,2894,2894,2894,2894,2894,1113,1113,100,35,100,31.57894515991211,100,38.095237731933594,63.15789031982422,100,31.57894515991211,100,38.095237731933594,100,100,35,9.523809432983398,100,33039077376,8999923712,7167311872,0
199,1771652443580,10755.461654663086,2900,1,0.8875,10755.461654663086,2900,1,0.8875,10108.955688476563,2900,1,0.8875,10108.955688476563,2900,1,0.8875,9812.745712280273,2900,1,0.8875,9812.74658203125,2900,1,0.8875,9854.497528076172,2900,1,0.8875,9854.497528076172,2900,1,0.8875,25261.44825744629,2894,2893,2894,1113,2893,1113,2894,1113,2894,2894,2894,2894,2894,2894,1113,1113,100,36.842105865478516,100,33.333335876464844,100,25,60.000003814697266,100,35,100,36.842105865478516,100,100,31.57894515991211,31.57894515991211,100,33039077376,8999923712,7167311872,0
196,1771652443783,10755.69987487793,2900,1,0.8875,10755.69987487793,2900,1,0.8875,10109.205703735352,2900,1,0.8875,10109.205703735352,2900,1,0.8875,9812.975067138672,2900,1,0.8875,9812.975067138672,2900,1,0.8875,9854.732986450195,2900,1,0.8875,9854.732986450195,2900,1,0.8875,25264.82598876953,2894,2893,2894,1113,2893,1113,2894,1113,2894,2894,2894,2894,2894,2894,1113,1113,100,40,100,40,100,15.000000953674316,33.333335876464844,100,45,100,35,100,100,36.842105865478516,36.842105865478516,100,33039077376,8999923712,7167569920,0
199,1771652443981,10755.91081237793,2900,1,0.8875,10755.91081237793,2900,1,0.8875,10109.436614990234,2900,1,0.8875,10109.436614990234,2900,1,0.8875,9813.160049438477,2900,1,0.8875,9813.160049438477,2900,1,0.8875,9854.985641479492,2900,1,0.8875,9854.985641479492,2900,1,0.8875,25268.09637451172,2894,2893,2894,1113,2893,1113,2894,1113,2894,2894,2894,2894,2894,2894,1113,1113,100,40,100,40,100,15.000000953674316,33.333335876464844,100,45,100,35,100,100,36.842105865478516,36.842105865478516,100,33039077376,8999923712,7165034496,0
199,1771652444181,10756.154098510742,2900,1,0.8875,10756.154098510742,2900,1,0.8875,10109.680770874023,2900,1,0.8875,10109.680770874023,2900,1,0.8875,9813.38362121582,2900,1,0.8875,9813.38362121582,2900,1,0.8875,9855.214416503906,2900,1,0.8875,9855.214416503906,2900,1,0.8875,25271.481033325195,2894,2893,2894,1113,2893,1113,2894,1113,2894,2894,2894,2894,2894,2894,1113,1113,100,37.5,100,35.897438049316406,100,30.000001907348633,32.5,100,43.589744567871094,100,22.5,100,100,46.34146499633789,38.46154022216797,100,33039077376,8999923712,7165034496,0
199,1771652444381,10756.39370727539,2900,1,0.8875,10756.39370727539,2900,1,0.8875,10109.930709838867,2900,1,0.8875,10109.930709838867,2900,1,0.8875,9813.605773925781,2900,1,0.8875,9813.605773925781,2900,1,0.8875,9855.466613769531,2900,1,0.8875,9855.468200683594,2900,1,0.8875,25274.81184387207,2894,2893,2894,1113,2893,1113,2894,1113,2894,2894,2894,2894,2894,2894,1113,1113,100,42.105262756347656,100,5.555555820465088,100,31.57894515991211,35,100,50,100,31.57894515991211,100,100,55,33.333335876464844,100,33039077376,8999923712,7165550592,0
199,1771652444581,10756.616226196289,2900,1,0.8875,10756.616226196289,2900,1,0.8875,10110.160751342773,2900,1,0.8875,10110.160751342773,2900,1,0.8875,9813.831893920898,2900,1,0.8875,9813.831893920898,2900,1,0.8875,9855.735336303711,2900,1,0.8875,9855.735336303711,2900,1,0.8875,25278.149169921875,2894,2893,2894,1113,2893,1113,2894,1113,2894,2894,2894,2894,2894,2894,1113,1113,100,31.57894515991211,100,47.619049072265625,100,21.052631378173828,45,100,35,100,35,100,100,65,15.000000953674316,100,33039077376,8999923712,7165550592,0
199,1771652444781,10756.831649780273,2900,1,0.8875,10756.831649780273,2900,1,0.8875,10110.390014648438,2900,1,0.8875,10110.390930175781,2900,1,0.8875,9814.047958374023,2900,1,0.8875,9814.047958374023,2900,1,0.8875,9855.966033935547,2900,1,0.8875,9855.966033935547,2900,1,0.8875,25281.493103027344,2894,2893,2894,1113,2893,1113,2894,1113,2894,2894,2894,2894,2894,2894,1113,1113,100,26.3157901763916,100,25,100,30.000001907348633,55,100,35,100,26.3157901763916,100,100,40,35,100,33039077376,8999923712,7165546496,0
199,1771652444981,10757.058517456055,2900,1,0.8875,10757.058517456055,2900,1,0.8875,10110.617980957031,2900,1,0.8875,10110.617980957031,2900,1,0.8875,9814.271759033203,2900,1,0.8875,9814.271759033203,2900,1,0.8875,9856.20932006836,2900,1,0.8875,9856.20932006836,2875,1,0.8875,25284.844039916992,2894,2893,2894,1113,2893,1113,2894,1113,2894,2894,2894,2894,2894,2894,1113,1113,100,35,100,15.000000953674316,100,42.85714340209961,42.105262756347656,100,36.842105865478516,100,38.095237731933594,100,100,42.105262756347656,36.842105865478516,100,33039077376,8999923712,7164530688,0
199,1771652445181,10757.28646850586,2900,1,0.8875,10757.28646850586,2900,1,0.8875,10110.846588134766,2900,1,0.8875,10110.846588134766,2900,1,0.8875,9814.512161254883,2900,1,0.8875,9814.512161254883,2900,1,0.8875,9856.463409423828,2900,1,0.8875,9856.463409423828,2900,1,0.8875,25288.20150756836,2894,2893,2894,1113,2893,1113,2894,1113,2894,2894,2894,2894,2894,2894,1113,1113,55,80,100,20,100,31.57894515991211,42.85714340209961,100,31.57894515991211,100,45,100,100,55,30.000001907348633,100,33039077376,8999923712,7164690432,0
199,1771652445381,10757.52392578125,2900,1,0.8875,10757.524810791016,2900,1,0.8875,10111.074020385742,2900,1,0.8875,10111.074020385742,2900,1,0.8875,9814.737991333008,2900,1,0.8875,9814.737991333008,2900,1,0.8875,9856.69302368164,2900,1,0.8875,9856.69302368164,2900,1,0.8875,25291.535873413086,2894,2893,2894,1113,2893,1113,2894,1113,2894,2894,2894,2894,2894,2894,1113,1113,47.36842346191406,100,100,27.77777862548828,100,30.000001907348633,47.36842346191406,100,35,100,35,100,100,38.095237731933594,28.571430206298828,100,33039077376,8999923712,7164690432,0
199,1771652445581,10757.755935668945,2900,1,0.8875,10757.755935668945,2900,1,0.8875,10111.29995727539,2900,1,0.8875,10111.29995727539,2900,1,0.8875,9814.965454101563,2900,1,0.8875,9814.965454101563,2900,1,0.8875,9856.927185058594,2900,1,0.8875,9856.927185058594,2900,1,0.8875,25294.880111694336,2894,2893,2894,1113,2893,1113,2894,1113,2894,2894,2894,2894,2894,2894,1113,1113,35,100,100,38.095237731933594,100,31.57894515991211,40,100,30.000001907348633,100,31.57894515991211,100,100,40,42.105262756347656,100,33039077376,8999923712,7164690432,0
199,1771652445781,10757.992370605469,2900,1,0.8875,10757.992370605469,2900,1,0.8875,10111.525039672852,2900,1,0.8875,10111.525039672852,2900,1,0.8875,9815.186996459961,2900,1,0.8875,9815.186996459961,2900,1,0.8875,9857.183120727539,2900,1,0.8875,9857.184753417969,2900,1,0.8875,25298.19970703125,2894,2893,2894,1113,2893,1113,2894,1113,2894,2894,2894,2894,2894,2894,1113,1113,42.105262756347656,100,100,9.523809432983398,100,40,31.57894515991211,100,35,100,35,100,100,55,36.842105865478516,100,33039077376,8999923712,7164948480,0
199,1771652445982,10758.263427734375,2900,1,0.8875,10758.263427734375,2900,1,0.8875,10111.751739501953,2900,1,0.8875,10111.751739501953,2900,1,0.8875,9815.410339355469,2900,1,0.8875,9815.410339355469,2900,1,0.8875,9857.407455444336,2900,1,0.8875,9857.407455444336,2900,1,0.8875,25301.49887084961,2894,2893,2894,1113,2893,1113,2894,1113,2894,2894,2894,2894,2894,2894,1113,1113,68.42105102539063,100,100,16.666667938232422,100,25,30.000001907348633,100,31.57894515991211,100,30.000001907348633,100,100,31.57894515991211,33.333335876464844,100,33039077376,8999923712,7163891712,0
199,1771652446182,10758.510940551758,2900,1,0.8875,10758.510940551758,2900,1,0.8875,10111.999954223633,2900,1,0.8875,10112.001510620117,2900,1,0.8875,9815.634338378906,2900,1,0.8875,9815.634338378906,2900,1,0.8875,9857.65412902832,2900,1,0.8875,9857.65412902832,2900,1,0.8875,25304.88136291504,2894,2893,2894,1113,2893,1113,2894,1113,2894,2894,2894,2894,2894,2894,1113,1113,57.142860412597656,100,100,35,100,36.842105865478516,10.526315689086914,100,50,100,35,100,100,45,42.105262756347656,100,33039077376,8999923712,7164403712,0
199,1771652446382,10758.775421142578,2900,1,0.8875,10758.775421142578,2900,1,0.8875,10112.225860595703,2900,1,0.8875,10112.225860595703,2900,1,0.8875,9815.856979370117,2900,1,0.8875,9815.856979370117,2900,1,0.8875,9857.898681640625,2900,1,0.8875,9857.898681640625,2900,1,0.8875,25308.218658447266,2894,2893,2894,1113,2893,1113,2894,1113,2894,2894,2894,2894,2894,2894,1113,1113,60.000003814697266,100,100,33.333335876464844,100,38.095237731933594,9.523809432983398,100,35,100,35,100,100,35,30.000001907348633,100,33039077376,8999923712,7164661760,0
199,1771652446582,10759.030532836914,2900,1,0.8875,10759.030532836914,2900,1,0.8875,10112.47184753418,2900,1,0.8875,10112.47184753418,2900,1,0.8875,9816.082244873047,2900,1,0.8875,9816.082244873047,2900,1,0.8875,9858.144943237305,2900,1,0.8875,9858.144943237305,2900,1,0.8875,25311.550247192383,2894,2893,2894,1113,2893,1113,2894,1113,2894,2894,2894,2894,2894,2894,1113,1113,57.894737243652344,100,100,30.000001907348633,100,40,28.571430206298828,100,42.105262756347656,100,35,100,100,36.842105865478516,26.3157901763916,100,33039077376,8999923712,7164661760,0
199,1771652446782,10759.259567260742,2900,1,0.8875,10759.259567260742,2900,1,0.8875,10112.707443237305,2900,1,0.8875,10112.707443237305,2900,1,0.8875,9816.322189331055,2900,1,0.8875,9816.322189331055,2900,1,0.8875,9858.411071777344,2900,1,0.8875,9858.411071777344,2900,1,0.8875,25314.910522460938,2894,2893,2894,1113,2893,1113,2894,1113,2894,2894,2894,2894,2894,2894,1113,1113,35,100,100,42.105262756347656,100,15.000000953674316,21.052631378173828,100,40,100,42.105262756347656,100,100,57.142860412597656,33.333335876464844,100,33039077376,8999923712,7165435904,0
199,1771652446982,10759.482849121094,2900,1,0.8875,10759.482849121094,2900,1,0.8875,10112.931518554688,2900,1,0.8875,10112.931518554688,2900,1,0.8875,9816.542236328125,2900,1,0.8875,9816.542236328125,2900,1,0.8875,9858.682006835938,2900,1,0.8875,9858.682006835938,2900,1,0.8875,25318.242263793945,2894,2893,2894,1113,2893,1113,2894,1113,2894,2894,2894,2894,2894,2894,1113,1113,31.57894515991211,100,100,30.000001907348633,100,31.57894515991211,21.052631378173828,100,31.57894515991211,100,33.333335876464844,100,100,68.42105102539063,21.052631378173828,100,33039077376,8999923712,7163973632,0
199,1771652447182,10759.71157836914,2900,1,0.8875,10759.71157836914,2900,1,0.8875,10113.161758422852,2900,1,0.8875,10113.161758422852,2900,1,0.8875,9816.76823425293,2900,1,0.8875,9816.76823425293,2900,1,0.8875,9858.955322265625,2900,1,0.8875,9858.956588745117,2900,1,0.8875,25321.635131835938,2894,2893,2894,1113,2893,1113,2894,1113,2894,2894,2894,2894,2894,2894,1113,1113,36.842105865478516,100,100,30.000001907348633,100,33.333335876464844,30.000001907348633,100,35,100,31.57894515991211,100,100,65,33.333335876464844,100,33039077376,8999923712,7164227584,0
199,1771652447382,10759.94027709961,2900,1,0.8875,10759.94027709961,2900,1,0.8875,10113.39176940918,2900,1,0.8875,10113.39176940918,2900,1,0.8875,9817.01350402832,2900,1,0.8875,9817.01350402832,2900,1,0.8875,9859.183792114258,2900,1,0.8875,9859.183792114258,2900,1,0.8875,25324.988571166992,2894,2893,2894,1113,2893,1113,2894,1113,2894,2894,2894,2894,2894,2894,1113,1113,31.57894515991211,100,100,28.571430206298828,100,47.36842346191406,33.333335876464844,100,31.57894515991211,100,40,100,100,31.57894515991211,35,100,33039077376,8999923712,7164485632,0
200,1771652447582,10760.164657592773,2900,1,0.8875,10760.164657592773,2900,1,0.8875,10113.614242553711,2900,1,0.8875,10113.615127563477,2900,1,0.8875,9817.252319335938,2900,1,0.8875,9817.252319335938,2900,1,0.8875,9859.410583496094,2900,1,0.8875,9859.410583496094,2900,1,0.8875,25328.325073242188,2894,2893,2894,1113,2893,1113,2894,1113,2894,2894,2894,2894,2894,2894,1113,1113,35,100,100,26.3157901763916,100,45,35,100,33.333335876464844,100,40,100,100,35,36.842105865478516,100,33039077376,8999923712,7164997632,0
199,1771652447783,10760.377746582031,2900,1,0.8875,10760.377746582031,2900,1,0.8875,10113.838958740234,2900,1,0.8875,10113.838958740234,2900,1,0.8875,9817.480453491211,2900,1,0.8875,9817.480453491211,2900,1,0.8875,9859.655288696289,2900,1,0.8875,9859.655288696289,2900,1,0.8875,25331.59893798828,2894,2893,2894,1113,2893,1113,2894,1113,2894,2894,2894,2894,2894,2894,1113,1113,45,47.619049072265625,100,20,100,40,10.526315689086914,100,35,100,35,100,100,45,90,100,33039077376,8999923712,7163899904,0
199,1771652447983,10760.610595703125,2900,1,0.8875,10760.610595703125,2900,1,0.8875,10114.085144042969,2900,1,0.8875,10114.085144042969,2900,1,0.8875,9817.704803466797,2900,1,0.8875,9817.704803466797,2900,1,0.8875,9859.892623901367,2900,1,0.8875,9859.893615722656,2900,1,0.8875,25334.880310058594,2894,2893,2894,1113,2893,1113,2894,1113,2894,2894,2894,2894,2894,2894,1113,1113,42.105262756347656,36.842105865478516,100,20,100,38.095237731933594,25,100,42.105262756347656,100,31.57894515991211,100,100,36.842105865478516,100,100,33039077376,8999923712,7163424768,0
199,1771652448183,10760.81884765625,2900,1,0.8875,10760.81884765625,2900,1,0.8875,10114.337265014648,2900,1,0.8875,10114.337265014648,2900,1,0.8875,9817.951477050781,2900,1,0.8875,9817.951477050781,2900,1,0.8875,9860.132461547852,2900,1,0.8875,9860.132461547852,2900,1,0.8875,25338.166946411133,2894,2893,2894,1113,2893,1113,2894,1113,2894,2894,2894,2894,2894,2894,1113,1113,42.85714340209961,31.57894515991211,100,10,100,31.57894515991211,28.571430206298828,100,45,100,50,100,100,45.45454788208008,100,100,33039077376,8999923712,7163551744,0
199,1771652448383,10761.044677734375,2900,1,0.8875,10761.044677734375,2900,1,0.8875,10114.595611572266,2900,1,0.8875,10114.595611572266,2900,1,0.8875,9818.188842773438,2900,1,0.8875,9818.188842773438,2900,1,0.8875,9860.358795166016,2900,1,0.8875,9860.358795166016,2900,1,0.8875,25341.52229309082,2894,2893,2894,1113,2893,1113,2894,1113,2894,2894,2894,2894,2894,2894,1113,1113,36.842105865478516,100,100,15.000000953674316,100,31.57894515991211,31.57894515991211,100,57.894737243652344,100,42.105262756347656,100,100,31.57894515991211,28.571430206298828,100,33039077376,8999923712,7164325888,0
199,1771652448583,10761.27961730957,2900,1,0.8875,10761.27961730957,2900,1,0.8875,10114.836669921875,2900,1,0.8875,10114.836669921875,2900,1,0.8875,9818.414077758789,2900,1,0.8875,9818.414947509766,2900,1,0.8875,9860.624542236328,2900,1,0.8875,9860.624542236328,2900,1,0.8875,25344.84585571289,2894,2893,2894,1113,2893,1113,2894,1113,2894,2894,2894,2894,2894,2894,1113,1113,36.842105865478516,100,100,21.052631378173828,100,25,35,100,45,100,38.095237731933594,100,100,63.15789031982422,31.57894515991211,100,33039077376,8999923712,7164325888,0
181,1771652448801,10761.530258178711,2900,1,0.8875,10761.530258178711,2900,1,0.8875,10115.063247680664,2900,1,0.8875,10115.063247680664,2900,1,0.8875,9818.698547363281,2900,1,0.8875,9818.698547363281,2900,1,0.8875,9860.873489379883,2900,1,0.8875,9860.873489379883,2900,1,0.8875,25348.467041015625,2894,2893,2894,1113,2893,1113,2894,1113,2894,2894,2894,2894,2894,2894,1113,1113,36.3636360168457,100,100,19.047618865966797,100,31.81818199157715,33.333335876464844,100,22.72727394104004,100,59.09090805053711,100,100,36.3636360168457,39.130435943603516,100,33039077376,8999923712,7165358080,0
199,1771652448983,10761.736022949219,2900,1,0.8875,10761.736022949219,2900,1,0.8875,10115.24429321289,2900,1,0.8875,10115.245162963867,2900,1,0.8875,9818.917022705078,2900,1,0.8875,9818.917022705078,2900,1,0.8875,9861.090225219727,2900,1,0.8875,9861.090225219727,2900,1,0.8875,25351.512268066406,2894,2893,2894,1113,2893,1113,2894,1113,2894,2894,2894,2894,2894,2894,1113,1113,36.3636360168457,100,100,19.047618865966797,100,31.81818199157715,33.333335876464844,100,22.72727394104004,100,59.09090805053711,100,100,36.3636360168457,39.130435943603516,100,33039077376,8999923712,7162769408,0
199,1771652449183,10761.964416503906,2900,1,0.8875,10761.964416503906,2900,1,0.8875,10115.477966308594,2900,1,0.8875,10115.477966308594,2900,1,0.8875,9819.169479370117,2900,1,0.8875,9819.169479370117,2900,1,0.8875,9861.326354980469,2900,1,0.8875,9861.326354980469,2900,1,0.8875,25354.880767822266,2894,2893,2894,1113,2893,1113,2894,1113,2894,2894,2894,2894,2894,2894,1113,1113,35.135135650634766,100,100,36.842105865478516,100,28.947368621826172,35.897438049316406,100,24.324325561523438,100,47.36842346191406,100,43.24324417114258,97.36841583251953,32.432430267333984,100,33039077376,8999923712,7162765312,0
199,1771652449383,10762.190887451172,2900,1,0.8875,10762.190887451172,2900,1,0.8875,10115.706039428711,2900,1,0.8875,10115.706039428711,2900,1,0.8875,9819.39370727539,2900,1,0.8875,9819.39370727539,2900,1,0.8875,9861.550811767578,2900,1,0.8875,9861.551727294922,2900,1,0.8875,25358.184295654297,2894,2893,2894,1113,2893,1113,2894,1113,2894,2894,2894,2894,2894,2894,1113,1113,35,100,100,38.095237731933594,100,35,31.57894515991211,100,35,100,36.842105865478516,100,33.333335876464844,100,35,100,33039077376,8999923712,7163281408,0
199,1771652449584,10762.403045654297,2900,1,0.8875,10762.403045654297,2900,1,0.8875,10115.955780029297,2900,1,0.8875,10115.955780029297,2900,1,0.8875,9819.622253417969,2900,1,0.8875,9819.622253417969,2900,1,0.8875,9861.777328491211,2900,1,0.8875,9861.777328491211,2900,1,0.8875,25361.541610717773,2894,2893,2894,1113,2893,1113,2894,1113,2894,2894,2894,2894,2894,2894,1113,1113,26.3157901763916,100,100,36.842105865478516,100,35,36.842105865478516,100,47.36842346191406,100,35,100,31.57894515991211,100,35,100,33039077376,8999923712,7163797504,0
199,1771652449784,10762.64096069336,2900,1,0.8875,10762.64096069336,2900,1,0.8875,10116.174545288086,2900,1,0.8875,10116.175765991211,2900,1,0.8875,9819.849884033203,2900,1,0.8875,9819.849884033203,2900,1,0.8875,9862.002990722656,2900,1,0.8875,9862.002990722656,2900,1,0.8875,25364.900985717773,2894,2893,2894,1113,2893,1113,2894,1113,2894,2894,2894,2894,2894,2894,1113,1113,45,100,100,20,100,35,38.095237731933594,100,25,100,35,100,38.095237731933594,100,50,100,33039077376,8999923712,7164313600,0
199,1771652449984,10762.866073608398,2900,1,0.8875,10762.866073608398,2900,1,0.8875,10116.403701782227,2900,1,0.8875,10116.403701782227,2900,1,0.8875,9820.083282470703,2900,1,0.8875,9820.084182739258,2900,1,0.8875,9862.218978881836,2900,1,0.8875,9862.218978881836,2900,1,0.8875,25368.250747680664,2894,2893,2894,1113,2893,1113,2894,1113,2894,2894,2894,2894,2894,2894,1113,1113,31.57894515991211,100,100,38.095237731933594,100,35,26.3157901763916,100,36.842105865478516,100,42.105262756347656,100,28.571430206298828,100,45,100,33039077376,8999923712,7158837248,0
199,1771652450184,10763.113418579102,2900,1,0.8875,10763.113418579102,2900,1,0.8875,10116.620315551758,2900,1,0.8875,10116.620315551758,2900,1,0.8875,9820.30810546875,2900,1,0.8875,9820.30810546875,2900,1,0.8875,9862.47248840332,2900,1,0.8875,9862.47248840332,2900,1,0.8875,25371.611114501953,2894,2893,2894,1113,2893,1113,2894,1113,2894,2894,2894,2894,2894,2894,1113,1113,50,100,100,36.842105865478516,100,20,25,100,25,100,30.000001907348633,100,52.6315803527832,100,40,100,33039077376,8999923712,7159660544,0
199,1771652450384,10763.343643188477,2900,1,0.8875,10763.344512939453,2900,1,0.8875,10116.848251342773,2900,1,0.8875,10116.848251342773,2900,1,0.8875,9820.536712646484,2900,1,0.8875,9820.536712646484,2900,1,0.8875,9862.711532592773,2900,1,0.8875,9862.711532592773,2900,1,0.8875,25374.983627319336,2894,2893,2894,1113,2893,1113,2894,1113,2894,2894,2894,2894,2894,2894,1113,1113,35,100,100,30.000001907348633,100,36.842105865478516,31.57894515991211,100,31.57894515991211,100,35,100,40,100,31.57894515991211,100,33039077376,8999923712,7159918592,0
199,1771652450584,10763.571533203125,2900,1,0.8875,10763.571533203125,2900,1,0.8875,10117.076400756836,2900,1,0.8875,10117.076400756836,2900,1,0.8875,9820.769927978516,2900,1,0.8875,9820.769927978516,2900,1,0.8875,9862.954681396484,2900,1,0.8875,9862.954681396484,2900,1,0.8875,25378.337448120117,2894,2893,2894,1113,2893,1113,2894,1113,2894,2894,2894,2894,2894,2894,1113,1113,36.842105865478516,100,100,36.842105865478516,100,40,25,100,36.3636360168457,100,40,100,42.105262756347656,100,35,100,33039077376,8999923712,7159918592,0
199,1771652450784,10763.795333862305,2900,1,0.8875,10763.795333862305,2900,1,0.8875,10117.281753540039,2900,1,0.8875,10117.281753540039,2900,1,0.8875,9821.00942993164,2900,1,0.8875,9821.00942993164,2900,1,0.8875,9863.185119628906,2900,1,0.8875,9863.186248779297,2900,1,0.8875,25381.673309326172,2894,2893,2894,1113,2893,1113,2894,1113,2894,2894,2894,2894,2894,2894,1113,1113,35,100,100,35,100,5,35,100,16.666667938232422,100,45,100,40,100,63.15789031982422,100,33039077376,8999923712,7158480896,0
199,1771652450984,10763.990524291992,2900,1,0.8875,10763.990524291992,2900,1,0.8875,10117.514862060547,2900,1,0.8875,10117.514862060547,2900,1,0.8875,9821.236068725586,2900,1,0.8875,9821.236068725586,2900,1,0.8875,9863.412384033203,2900,1,0.8875,9863.412384033203,2900,1,0.8875,25385.039459228516,2894,2893,2894,1113,2893,1113,2894,1113,2894,2894,2894,2894,2894,2894,1113,1113,15.000000953674316,100,100,30.000001907348633,100,31.57894515991211,45,100,38.095237731933594,100,35,100,30.000001907348633,100,60.000003814697266,100,33039077376,8999923712,7156142080,0
199,1771652451184,10764.214721679688,2900,1,0.8875,10764.214721679688,2900,1,0.8875,10117.748153686523,2900,1,0.8875,10117.749816894531,2900,1,0.8875,9821.46858215332,2900,1,0.8875,9821.46858215332,2900,1,0.8875,9863.637298583984,2900,1,0.8875,9863.637298583984,2900,1,0.8875,25388.394500732422,2894,2893,2894,1113,2893,1113,2894,1113,2894,2894,2894,2894,2894,2894,1113,1113,31.57894515991211,100,47.619049072265625,95,100,25,31.57894515991211,100,35,100,40,100,31.57894515991211,100,50,100,33039077376,8999923712,7156875264,0
199,1771652451384,10764.435806274414,2900,1,0.8875,10764.435806274414,2900,1,0.8875,10117.98013305664,2900,1,0.8875,10117.98013305664,2900,1,0.8875,9821.691192626953,2900,1,0.8875,9821.692077636719,2900,1,0.8875,9863.867630004883,2900,1,0.8875,9863.867630004883,2900,1,0.8875,25391.752548217773,2894,2893,2894,1113,2893,1113,2894,1113,2894,2894,2894,2894,2894,2894,1113,1113,35,100,36.842105865478516,100,100,35,38.095237731933594,100,31.57894515991211,100,31.57894515991211,100,38.095237731933594,100,38.095237731933594,100,33039077376,8999923712,7157391360,0
199,1771652451585,10764.664138793945,2900,1,0.8875,10764.664138793945,2900,1,0.8875,10118.244140625,2900,1,0.8875,10118.244140625,2900,1,0.8875,9821.909118652344,2900,1,0.8875,9821.909118652344,2900,1,0.8875,9864.097625732422,2900,1,0.8875,9864.097625732422,2900,1,0.8875,25395.086364746094,2894,2893,2894,1113,2893,1113,2894,1113,2894,2894,2894,2894,2894,2894,1113,1113,36.842105865478516,100,40,100,100,45,30.000001907348633,100,55,100,30.000001907348633,100,36.842105865478516,100,30.000001907348633,100,33039077376,8999923712,7158165504,0
201,1771652451785,10764.869903564453,2900,1,0.8875,10764.869903564453,2900,1,0.8875,10118.499496459961,2900,1,0.8875,10118.499496459961,2900,1,0.8875,9822.124588012695,2900,1,0.8875,9822.124588012695,2900,1,0.8875,9864.323684692383,2900,1,0.8875,9864.323684692383,2900,1,0.8875,25398.42529296875,2894,2893,2894,1113,2893,1113,2894,1113,2894,2894,2894,2894,2894,2894,1113,1113,20,100,31.57894515991211,100,100,55,20,100,55,100,30.000001907348633,100,35,100,31.57894515991211,100,33039077376,8999923712,7158165504,0
199,1771652451986,10765.097106933594,2900,1,0.8875,10765.097106933594,2900,1,0.8875,10118.712142944336,2900,1,0.8875,10118.712142944336,2900,1,0.8875,9822.371673583984,2900,1,0.8875,9822.371673583984,2900,1,0.8875,9864.546325683594,2900,1,0.8875,9864.546325683594,2900,1,0.8875,25401.770889282227,2894,2893,2894,1113,2893,1113,2894,1113,2894,2894,2894,2894,2894,2894,1113,1113,40,100,33.333335876464844,100,100,36.842105865478516,20,100,25,100,50,100,30.000001907348633,100,45,100,33039077376,8999923712,7156568064,0
199,1771652452186,10765.304809570313,2900,1,0.8875,10765.304809570313,2900,1,0.8875,10118.93798828125,2900,1,0.8875,10118.93798828125,2900,1,0.8875,9822.589111328125,2900,1,0.8875,9822.589111328125,2900,1,0.8875,9864.788711547852,2900,1,0.8875,9864.788711547852,2900,1,0.8875,25405.133911132813,2894,2893,2894,1113,2893,1113,2894,1113,2894,2894,2894,2894,2894,2894,1113,1113,20,100,36.842105865478516,100,100,35,36.842105865478516,100,35,100,31.57894515991211,100,40,100,55,100,33039077376,8999923712,7157391360,0
199,1771652452386,10765.53451538086,2900,1,0.8875,10765.53451538086,2900,1,0.8875,10119.163101196289,2900,1,0.8875,10119.163101196289,2900,1,0.8875,9822.833129882813,2900,1,0.8875,9822.833129882813,2900,1,0.8875,9865.00845336914,2900,1,0.8875,9865.009948730469,2900,1,0.8875,25408.344116210938,2894,2893,2894,1113,2893,1113,2894,1113,2894,2894,2894,2894,2894,2894,1113,1113,33.333335876464844,100,30.000001907348633,100,76.19047546386719,50,23.809524536132813,100,31.57894515991211,100,45,100,31.57894515991211,100,21.052631378173828,35,33039077376,8999923712,7157649408,0
199,1771652452586,10765.768905639648,2900,1,0.8875,10765.768905639648,2900,1,0.8875,10119.39306640625,2900,1,0.8875,10119.39306640625,2900,1,0.8875,9823.069351196289,2900,1,0.8875,9823.069351196289,2900,1,0.8875,9865.246627807617,2900,1,0.8875,9865.246627807617,2900,1,0.8875,25411.567977905273,2894,2893,2894,1113,2893,1113,2894,1113,2894,2894,2894,2894,2894,2894,1113,1113,42.85714340209961,100,35,100,5.263157844543457,100,10,100,33.333335876464844,100,35,100,40,100,28.571430206298828,26.3157901763916,33039077376,8999923712,7157649408,0
199,1771652452786,10765.975219726563,2900,1,0.8875,10765.975219726563,2900,1,0.8875,10119.646179199219,2900,1,0.8875,10119.646179199219,2900,1,0.8875,9823.302536010742,2900,1,0.8875,9823.302536010742,2900,1,0.8875,9865.477935791016,2900,1,0.8875,9865.477935791016,2900,1,0.8875,25414.773666381836,2894,2893,2894,1113,2893,1113,2894,1113,2894,2894,2894,2894,2894,2894,1113,1113,21.052631378173828,100,40,100,9.523809432983398,100,31.57894515991211,100,50,100,36.842105865478516,100,35,100,10,25,33039077376,8999923712,7158165504,0
199,1771652452987,10766.195404052734,2900,1,0.8875,10766.195404052734,2900,1,0.8875,10119.837966918945,2900,1,0.8875,10119.837966918945,2900,1,0.8875,9823.529830932617,2900,1,0.8875,9823.529830932617,2900,1,0.8875,9865.705627441406,2900,1,0.8875,9865.705627441406,2900,1,0.8875,25417.919494628906,2894,2893,2894,1113,2893,1113,2894,1113,2894,2894,2894,2894,2894,2894,1113,1113,26.3157901763916,100,30.000001907348633,100,20,100,35,100,10,100,35,100,36.3636360168457,100,15.000000953674316,30.000001907348633,33039077376,8999923712,7156875264,0
199,1771652453187,10766.429824829102,2900,1,0.8875,10766.429824829102,2900,1,0.8875,10120.057434082031,2900,1,0.8875,10120.057434082031,2900,1,0.8875,9823.759094238281,2900,1,0.8875,9823.759094238281,2900,1,0.8875,9865.906127929688,2900,1,0.8875,9865.906127929688,2900,1,0.8875,25421.06170654297,2894,2893,2894,1113,2893,1113,2894,1113,2894,2894,2894,2894,2894,2894,1113,1113,36.842105865478516,100,30.000001907348633,100,47.36842346191406,100,20,100,21.052631378173828,100,35,100,15.789472579956055,100,15.000000953674316,26.3157901763916,33039077376,8999923712,7158312960,0
199,1771652453387,10766.658096313477,2900,1,0.8875,10766.659545898438,2900,1,0.8875,10120.295684814453,2900,1,0.8875,10120.295684814453,2900,1,0.8875,9823.989318847656,2900,1,0.8875,9823.989318847656,2900,1,0.8875,9866.089874267578,2900,1,0.8875,9866.089874267578,2900,1,0.8875,25424.25082397461,2894,2893,2894,1113,2893,1113,2894,1113,2894,2894,2894,2894,2894,2894,1113,1113,31.57894515991211,100,36.842105865478516,100,30.000001907348633,100,30.000001907348633,100,36.842105865478516,100,36.842105865478516,100,5,100,25,15.789472579956055,33039077376,8999923712,7158312960,0
199,1771652453587,10766.890548706055,2900,1,0.8875,10766.890548706055,2900,1,0.8875,10120.525848388672,2900,1,0.8875,10120.52702331543,2900,1,0.8875,9824.218246459961,2900,1,0.8875,9824.218246459961,2900,1,0.8875,9866.273544311523,2900,1,0.8875,9866.273544311523,2900,1,0.8875,25427.4317779541,2894,2893,2894,1113,2893,1113,2894,1113,2894,2894,2894,2894,2894,2894,1113,1113,35,100,35,100,30.000001907348633,100,20,100,35,100,35,100,5,100,50,5,33039077376,8999923712,7159345152,0
197,1771652453790,10767.121490478516,2900,1,0.8875,10767.121490478516,2900,1,0.8875,10120.75912475586,2900,1,0.8875,10120.75912475586,2900,1,0.8875,9824.40005493164,2900,1,0.8875,9824.40005493164,2900,1,0.8875,9866.503311157227,2900,1,0.8875,9866.503311157227,2900,1,0.8875,25430.621948242188,2894,2893,2894,1113,2893,1113,2894,1113,2894,2894,2894,2894,2894,2894,1113,1113,35,95,35,100,15.789472579956055,100,35,100,35,100,0,100,35,100,40,20,33039077376,8999923712,7154270208,0
199,1771652453987,10767.264602661133,2900,1,0.8875,10767.264602661133,2900,1,0.8875,10120.991928100586,2900,1,0.8875,10120.991928100586,2900,1,0.8875,9824.613342285156,2900,1,0.8875,9824.613342285156,2900,1,0.8875,9866.72982788086,2900,1,0.8875,9866.72982788086,2900,1,0.8875,25433.76564025879,2894,2893,2894,1113,2893,1113,2894,1113,2894,2894,2894,2894,2894,2894,1113,1113,35,95,35,100,15.789472579956055,100,35,100,35,100,0,100,35,100,40,20,33039077376,8999923712,7149535232,0
199,1771652454187,10767.454025268555,2900,1,0.8875,10767.455078125,2900,1,0.8875,10121.21859741211,2900,1,0.8875,10121.21859741211,2900,1,0.8875,9824.812911987305,2900,1,0.8875,9824.812911987305,2900,1,0.8875,9866.966064453125,2900,1,0.8875,9866.966064453125,2900,1,0.8875,25436.998260498047,2894,2893,2894,1113,2893,1113,2894,1113,2894,2894,2894,2894,2894,2894,1113,1113,35,21.052631378173828,70,42.5,35,100,30.76923179626465,100,30.76923179626465,100,17.5,100,34.21052551269531,100,100,35.897438049316406,33039077376,8999923712,7149789184,0
199,1771652454387,10767.637512207031,2900,1,0.8875,10767.637512207031,2900,1,0.8875,10121.421859741211,2900,1,0.8875,10121.421859741211,2900,1,0.8875,9825.029846191406,2900,1,0.8875,9825.029846191406,2900,1,0.8875,9867.195495605469,2900,1,0.8875,9867.195495605469,2900,1,0.8875,25440.168838500977,2894,2893,2894,1113,2893,1113,2894,1113,2894,2894,2894,2894,2894,2894,1113,1113,35,30.000001907348633,100,0,35,100,38.095237731933594,100,15.000000953674316,100,28.571430206298828,100,35,100,100,35,33039077376,8999923712,7149789184,0
199,1771652454588,10767.857635498047,2900,1,0.8875,10767.857635498047,2900,1,0.8875,10121.654235839844,2900,1,0.8875,10121.654235839844,2900,1,0.8875,9825.227478027344,2900,1,0.8875,9825.227478027344,2900,1,0.8875,9867.417022705078,2900,1,0.8875,9867.417022705078,2900,1,0.8875,25443.41323852539,2894,2893,2894,1113,2893,1113,2894,1113,2894,2894,2894,2894,2894,2894,1113,1113,31.57894515991211,42.105262756347656,100,26.3157901763916,15.000000953674316,100,31.57894515991211,100,35,100,10.526315689086914,100,33.333335876464844,100,100,40,33039077376,8999923712,7150563328,0
199,1771652454788,10768.027709960938,2900,1,0.8875,10768.027709960938,2900,1,0.8875,10121.86442565918,2900,1,0.8875,10121.86442565918,2900,1,0.8875,9825.461502075195,2900,1,0.8875,9825.461502075195,2900,1,0.8875,9867.636306762695,2900,1,0.8875,9867.636306762695,2900,1,0.8875,25446.578903198242,2894,2893,2894,1113,2893,1113,2894,1113,2894,2894,2894,2894,2894,2894,1113,1113,5.263157844543457,47.619049072265625,100,35,5,100,36.842105865478516,100,15.000000953674316,100,35,100,25,100,100,35,33039077376,8999923712,7150821376,0
199,1771652454988,10768.194427490234,2900,1,0.8875,10768.19465637207,2900,1,0.8875,10122.08805847168,2900,1,0.8875,10122.08805847168,2900,1,0.8875,9825.680725097656,2900,1,0.8875,9825.680725097656,2900,1,0.8875,9867.856201171875,2900,1,0.8875,9867.856201171875,2900,1,0.8875,25449.76368713379,2894,2893,2894,1113,2893,1113,2894,1113,2894,2894,2894,2894,2894,2894,1113,1113,26.3157901763916,26.3157901763916,100,35,0,100,33.333335876464844,100,26.3157901763916,100,26.3157901763916,100,26.3157901763916,100,100,36.842105865478516,33039077376,8999923712,7147728896,0
199,1771652455188,10768.37190246582,2900,1,0.8875,10768.37190246582,2900,1,0.8875,10122.290649414063,2900,1,0.8875,10122.290649414063,2900,1,0.8875,9825.917785644531,2900,1,0.8875,9825.917785644531,2900,1,0.8875,9868.094970703125,2900,1,0.8875,9868.094970703125,2900,1,0.8875,25452.98159790039,2894,2893,2894,1113,2893,1113,2894,1113,2894,2894,2894,2894,2894,2894,1113,1113,25,35,100,35,9.523809432983398,100,36.842105865478516,100,20,100,38.095237731933594,100,35,100,100,35,33039077376,8999923712,7149015040,0
199,1771652455388,10768.574295043945,2900,1,0.8875,10768.574295043945,2900,1,0.8875,10122.529083251953,2900,1,0.8875,10122.529083251953,2900,1,0.8875,9826.111373901367,2900,1,0.8875,9826.111373901367,2900,1,0.8875,9868.326354980469,2900,1,0.8875,9868.326354980469,2900,1,0.8875,25456.142150878906,2894,2893,2894,1113,2893,1113,2894,1113,2894,2894,2894,2894,2894,2894,1113,1113,45,30.000001907348633,100,35,5,100,38.095237731933594,100,35,100,10,100,36.842105865478516,100,80,30.000001907348633,33039077376,8999923712,7149891584,0
199,1771652455588,10768.806289672852,2900,1,0.8875,10768.807922363281,2900,1,0.8875,10122.769760131836,2900,1,0.8875,10122.769760131836,2900,1,0.8875,9826.344177246094,2900,1,0.8875,9826.344177246094,2900,1,0.8875,9868.562866210938,2900,1,0.8875,9868.562866210938,2900,1,0.8875,25459.351776123047,2894,2893,2894,1113,2893,1113,2894,1113,2894,2894,2894,2894,2894,2894,1113,1113,100,38.88888931274414,100,35,10,100,25,100,40,100,36.842105865478516,100,100,38.095237731933594,0,30.000001907348633,33039077376,8999923712,7149891584,0
199,1771652455788,10769.037002563477,2900,1,0.8875,10769.037002563477,2900,1,0.8875,10123.010665893555,2900,1,0.8875,10123.010665893555,2900,1,0.8875,9826.579818725586,2900,1,0.8875,9826.579818725586,2900,1,0.8875,9868.797256469727,2900,1,0.8875,9868.797256469727,2900,1,0.8875,25462.54557800293,2894,2893,2894,1113,2893,1113,2894,1113,2894,2894,2894,2894,2894,2894,1113,1113,100,40,47.619049072265625,30.000001907348633,15.000000953674316,100,36.842105865478516,100,36.842105865478516,100,40,100,100,35,52.6315803527832,25,33039077376,8999923712,7150149632,0
199,1771652455988,10769.27066040039,2900,1,0.8875,10769.27066040039,2900,1,0.8875,10123.24528503418,2900,1,0.8875,10123.24528503418,2900,1,0.8875,9826.81478881836,2900,1,0.8875,9826.81478881836,2900,1,0.8875,9869.017761230469,2900,1,0.8875,9869.017761230469,2900,1,0.8875,25465.663955688477,2894,2893,2894,1113,2893,1113,2894,1113,2894,2894,2894,2894,2894,2894,1113,1113,100,36.842105865478516,0,25,5,100,35,100,35,100,42.85714340209961,100,100,26.3157901763916,100,35,33039077376,8999923712,7148355584,0
199,1771652456188,10769.504638671875,2900,1,0.8875,10769.504638671875,2900,1,0.8875,10123.482971191406,2900,1,0.8875,10123.482971191406,2900,1,0.8875,9827.050521850586,2900,1,0.8875,9827.050521850586,2900,1,0.8875,9869.250061035156,2900,1,0.8875,9869.250061035156,2900,1,0.8875,25468.818756103516,2894,2893,2894,1113,2893,1113,2894,1113,2894,2894,2894,2894,2894,2894,1113,1113,31.57894515991211,100,0,33.333335876464844,9.523809432983398,100,35,100,40,100,36.842105865478516,100,100,35,100,35,33039077376,8999923712,7149277184,0
199,1771652456388,10769.737411499023,2900,1,0.8875,10769.737411499023,2900,1,0.8875,10123.716796875,2900,1,0.8875,10123.717727661133,2900,1,0.8875,9827.278625488281,2900,1,0.8875,9827.278625488281,2900,1,0.8875,9869.487548828125,2900,1,0.8875,9869.487548828125,2900,1,0.8875,25471.96955871582,2894,2893,2894,1113,2893,1113,2894,1113,2894,2894,2894,2894,2894,2894,1113,1113,36.842105865478516,100,4.761904716491699,22.22222328186035,26.3157901763916,100,10,100,36.842105865478516,100,35,100,100,35,100,36.842105865478516,33039077376,8999923712,7149912064,0
199,1771652456589,10769.956298828125,2900,1,0.8875,10769.956298828125,2900,1,0.8875,10123.946884155273,2900,1,0.8875,10123.946884155273,2900,1,0.8875,9827.51171875,2900,1,0.8875,9827.512649536133,2900,1,0.8875,9869.745422363281,2900,1,0.8875,9869.745422363281,2900,1,0.8875,25475.05210876465,2894,2893,2894,1113,2893,1113,2894,1113,2894,2894,2894,2894,2894,2894,1113,1113,25,100,5,25,26.3157901763916,100,5,100,30.000001907348633,100,38.095237731933594,100,100,50,76.19047546386719,35,33039077376,8999923712,7149817856,0
199,1771652456789,10770.188171386719,2900,1,0.8875,10770.188171386719,2900,1,0.8875,10124.188400268555,2900,1,0.8875,10124.188400268555,2900,1,0.8875,9827.746551513672,2900,1,0.8875,9827.746551513672,2900,1,0.8875,9869.980667114258,2900,1,0.8875,9869.980667114258,2900,1,0.8875,25477.98454284668,2894,2893,2894,1113,2893,1113,2894,1113,2894,2894,2894,2894,2894,2894,1113,1113,31.57894515991211,100,0,0,0,100,0,100,42.105262756347656,100,36.842105865478516,100,100,36.842105865478516,31.57894515991211,30.000001907348633,33039077376,8999923712,7149326336,0
199,1771652456989,10770.415161132813,2900,1,0.8875,10770.415161132813,2900,1,0.8875,10124.384963989258,2900,1,0.8875,10124.384963989258,2900,1,0.8875,9827.988342285156,2900,1,0.8875,9827.988342285156,2900,1,0.8875,9870.222564697266,2900,1,0.8875,9870.222564697266,2900,1,0.8875,25480.856063842773,2894,2893,2894,1113,2893,1113,2894,1113,2894,2894,2894,2894,2894,2894,1113,1113,26.3157901763916,100,4.761904716491699,5,25,100,0,100,26.3157901763916,68.42105102539063,35,100,100,38.095237731933594,19.047618865966797,15.789472579956055,33039077376,8999923712,7147577344,0
199,1771652457189,10770.489395141602,2900,1,0.8875,10770.489395141602,2900,1,0.8875,10124.530944824219,2900,1,0.8875,10124.530944824219,2900,1,0.8875,9828.243148803711,2900,1,0.8875,9828.243148803711,2900,1,0.8875,9870.382339477539,2900,1,0.8875,9870.382339477539,2900,1,0.89375,25483.328018188477,2894,2893,2894,1113,2893,1113,2894,1113,2894,2894,2894,2894,2894,2894,1113,1113,5.263157844543457,23.809524536132813,5.263157844543457,0,15.000000953674316,42.105262756347656,5,100,28.571430206298828,20,35,100,10,70,27.77777862548828,5,33039077376,8999923712,7148077056,0
199,1771652457389,10770.634338378906,2900,1,0.8875,10770.634338378906,2900,1,0.8875,10124.537582397461,2900,1,0.8875,10124.537582397461,2900,1,0.8875,9828.459716796875,2900,1,0.8875,9828.459716796875,2900,1,0.8875,9870.383605957031,2900,1,0.8875,9870.383605957031,2900,1,0.8875,25485.404327392578,2894,2893,2894,1113,2893,1113,2894,1113,2894,2894,2894,2894,2894,2894,1113,1113,38.095237731933594,0,0,0,0,0,0,100,0,0,0,100,0,0,35,4.761904716491699,33039077376,8999923712,7148335104,0
199,1771652457589,10770.776748657227,2900,1,0.8875,10770.776779174805,2900,1,0.8875,10124.545394897461,2900,1,0.8875,10124.545394897461,2900,1,0.8875,9828.678512573242,2900,1,0.8875,9828.678512573242,2900,1,0.8875,9870.388580322266,2900,1,0.8875,9870.388580322266,2900,1,0.8875,25487.535186767578,2894,2893,2894,1113,2893,1113,2894,1113,2894,2894,2894,2894,2894,2894,1113,1113,31.57894515991211,0,4.761904716491699,5,9.523809432983398,0,10,100,0,0,0,100,0,0,31.57894515991211,0,33039077376,8999923712,7144914944,0
199,1771652457789,10770.91650390625,2900,1,0.8875,10770.91650390625,2900,1,0.8875,10124.54850769043,2900,1,0.8875,10124.54850769043,2900,1,0.8875,9828.893325805664,2900,1,0.8875,9828.894393920898,2900,1,0.8875,9870.388656616211,2900,1,0.8875,9870.388656616211,2900,1,0.8875,25489.597915649414,2894,2893,2894,1113,2893,1113,2894,1113,2894,2894,2894,2894,2894,2894,1113,1113,40,0,0,0,0,0,0,100,0,0,0,100,0,0,35,0,33039077376,8999923712,7145410560,0
199,1771652457989,10771.041229248047,2900,1,0.8875,10771.041229248047,2900,1,0.8875,10124.553298950195,2900,1,0.8875,10124.553298950195,2900,1,0.8875,9829.078079223633,2900,1,0.8875,9829.078079223633,2900,1,0.8875,9870.388732910156,2900,1,0.8875,9870.388732910156,2900,1,0.8875,25491.64862060547,2894,2893,2894,1113,2893,1113,2894,1113,2894,2894,2894,2894,2894,2894,1113,1113,30.000001907348633,0,0,4.761904716491699,0,0,0,100,0,0,4.761904716491699,85,0,0,35,0,33039077376,8999923712,7144255488,0
199,1771652458189,10771.157669067383,2900,1,0.8875,10771.157669067383,2900,1,0.8875,10124.558349609375,2900,1,0.8875,10124.558349609375,2900,1,0.8875,9829.079391479492,2900,1,0.8875,9829.079391479492,2900,1,0.8875,9870.39291381836,2900,1,0.8875,9870.39291381836,2900,1,0.8875,25493.420623779297,2894,2893,2894,1113,2893,1113,2894,1113,2894,2894,2894,2894,2894,2894,1113,1113,26.3157901763916,0,0,0,5,0,5.263157844543457,100,0,0,0,0,0,0,5,0,33039077376,8999923712,7143182336,0
199,1771652458390,10771.29931640625,2900,1,0.8875,10771.301208496094,2900,1,0.8875,10124.562545776367,2900,1,0.8875,10124.562545776367,2900,1,0.8875,9829.080749511719,2900,1,0.8875,9829.080749511719,2900,1,0.8875,9870.394027709961,2900,1,0.8875,9870.394027709961,2900,1,0.8875,25495.171646118164,2894,2893,2894,1113,2893,1113,2894,1113,2894,2894,2894,2894,2894,2894,1113,1113,35,0,0,0,0,0,0,100,0,0,0,0,0,0,0,0,33039077376,8999923712,7142969344,0
200,1771652458590,10771.438247680664,2900,1,0.8875,10771.438247680664,2900,1,0.8875,10124.566940307617,2900,1,0.8875,10124.566940307617,2900,1,0.8875,9829.082229614258,2900,1,0.8875,9829.082229614258,2900,1,0.8875,9870.396026611328,2900,1,0.8875,9870.396026611328,2900,1,0.8875,25496.953506469727,2894,2893,2894,1113,2893,1113,2894,1113,2894,2894,2894,2894,2894,2894,1113,1113,35,0,0,4.761904716491699,0,0,4.761904716491699,100,5,0,0,0,0,0,0,0,33039077376,8999923712,7143997440,0
181,1771652458808,10771.590118408203,2900,1,0.8875,10771.590118408203,2900,1,0.8875,10124.572265625,2900,1,0.8875,10124.572265625,2900,1,0.8875,9829.083694458008,2900,1,0.8875,9829.083694458008,2900,1,0.8875,9870.398422241211,2900,1,0.8875,9870.398422241211,2900,1,0.8875,25498.882095336914,2894,2893,2894,1113,2893,1113,2894,1113,2894,2894,2894,2894,2894,2894,1113,1113,36.3636360168457,4.34782600402832,0,4.545454502105713,4.545454502105713,0,0,100,0,0,0,0,0,0,0,0,33039077376,8999923712,7143997440,0
199,1771652458990,10771.715805053711,2900,1,0.8875,10771.715805053711,2900,1,0.8875,10124.577102661133,2900,1,0.8875,10124.577102661133,2900,1,0.8875,9829.084838867188,2900,1,0.8875,9829.084838867188,2900,1,0.8875,9870.399230957031,2900,1,0.8875,9870.399230957031,2900,1,0.8875,25500.478637695313,2894,2893,2894,1113,2893,1113,2894,1113,2894,2894,2894,2894,2894,2894,1113,1113,36.3636360168457,4.34782600402832,0,4.545454502105713,4.545454502105713,0,0,100,0,0,0,0,0,0,0,0,33039077376,8999923712,7143567360,0
199,1771652459190,10771.853607177734,2900,1,0.8875,10771.853607177734,2900,1,0.8875,10124.579391479492,2900,1,0.8875,10124.579391479492,2900,1,0.8875,9829.08724975586,2900,1,0.8875,9829.08724975586,2900,1,0.8875,9870.401077270508,2900,1,0.8875,9870.401077270508,2900,1,0.8875,25502.251373291016,2894,2893,2894,1113,2893,1113,2894,1113,2894,2894,2894,2894,2894,2894,1113,1113,34.21052551269531,0,0,0,0,0,2.6315789222717285,100,0,0,0,0,0,0,0,0,33039077376,8999923712,7143567360,0
199,1771652459391,10771.978408813477,2900,1,0.8875,10771.979675292969,2900,1,0.8875,10124.581649780273,2900,1,0.8875,10124.581649780273,2900,1,0.8875,9829.124328613281,2900,1,0.8875,9829.124328613281,2900,1,0.8875,9870.40316772461,2900,1,0.8875,9870.40316772461,2900,1,0.8875,25503.99220275879,2894,2893,2894,1113,2893,1113,2894,1113,2894,2894,2894,2894,2894,2894,1113,1113,38.095237731933594,0,0,0,0,0,5,90,0,0,10,0,0,0,0,0,33039077376,8999923712,7151288320,0
200,1771652459591,10772.05241394043,2900,1,0.8875,10772.05241394043,2900,1,0.8875,10124.586120605469,2900,1,0.8875,10124.586120605469,2900,1,0.8875,9829.130294799805,2900,1,0.8875,9829.130294799805,2900,1,0.8875,9870.406997680664,2900,1,0.8875,9870.406997680664,2900,1,0.8875,25505.69204711914,2894,2893,2894,1113,2893,1113,2894,1113,2894,2894,2894,2894,2894,2894,1113,1113,21.052631378173828,0,0,4.761904716491699,75,4.761904716491699,0,0,0,0,0,0,0,0,0,0,33039077376,8999923712,5993431040,0
2,1771652459791,10772.055114746094,2900,1,0.8875,10772.055114746094,2900,1,0.8875,10124.588638305664,2900,1,0.8875,10124.588638305664,2900,1,0.8875,9829.134780883789,2900,1,0.8875,9829.134780883789,2900,1,0.8875,9870.412048339844,2900,1,0.8875,9870.412048339844,2900,1,0.8875,25506.922927856445,2894,2893,2894,1113,2893,1113,2894,1113,2894,2894,2894,2894,2894,2894,1113,1113,4.761904716491699,0,0,0,57.142860412597656,0,0,0,0,0,0,0,0,0,0,0,33039077376,8999923712,5150302208,0
